#          time            dhdl
              0      61.8092446
              1      38.6696114
              2      37.8012865
              3      91.5788339
              4      60.8747919
              5      36.7843872
              6      36.7936119
              7      62.4712497
              8      24.1863312
              9      20.9014772
             10      49.7318682
             11      28.4001913
             12      55.9083524
             13      30.1961743
             14      47.0103898
             15      33.1363707
             16     0.461597906
             17      71.9633529
             18      49.6413782
             19      37.7916008
             20      30.7366337
             21      47.0962922
             22       42.398584
             23      56.1329508
             24      51.9671916
             25      74.5988282
             26      69.0334778
             27      29.2351725
             28      54.4267244
             29      12.1565024
             30      20.2110317
             31       59.741573
             32      5.49598595
             33      75.6982853
             34      73.5214079
             35      63.3634244
             36      6.61466864
             37      47.8864331
             38      40.3007333
             39       44.498572
             40      67.4803081
             41       25.486655
             42      15.4341586
             43      20.5286029
             44      75.3391124
             45      33.9483044
             46      61.7080209
             47       51.678963
             48      58.5053746
             49      47.0890237
             50      59.8597209
             51      29.5670455
             52      59.8751231
             53      23.1795497
             54      24.6330355
             55     -7.33475315
             56      14.0572308
             57      31.0434167
             58        40.08862
             59      19.4238254
             60      58.6546397
             61      59.8492323
             62      19.5176339
             63      56.3243372
             64      21.8106001
             65     -16.8786428
             66      25.3784057
             67      56.2766597
             68      37.0437031
             69      29.6908602
             70      103.151035
             71      33.9639649
             72      34.3792502
             73      41.8161809
             74      49.2600789
             75      42.4309547
             76      34.4555795
             77      45.4849262
             78      71.5798452
             79      63.3705707
             80      42.6682209
             81      36.8315647
             82      20.1510102
             83      6.85961658
             84      5.61260061
             85      48.0624026
             86      84.7859117
             87      61.6580143
             88      61.5295885
             89      30.1305532
             90      27.9633874
             91        50.67941
             92      48.8228869
             93      15.6387269
             94      44.5370596
             95       16.093304
             96       58.779444
             97      6.39114323
             98      25.5649487
             99       63.395517
            100      18.4904199
            101      31.4101146
            102      36.9973891
            103      36.1596985
            104      4.84827498
            105      30.0140055
            106      70.1525845
            107      63.1124134
            108       70.273587
            109       36.956132
            110      36.1041587
            111      53.8130773
            112      68.6017826
            113       72.458011
            114       33.369414
            115      78.0921964
            116      20.8179928
            117      72.2401338
            118       33.659239
            119       38.232948
            120      39.8327252
            121      90.4265565
            122      35.6271671
            123      66.9992986
            124     -12.2709028
            125      20.8123651
            126      35.5472337
            127      53.6058843
            128      55.2792336
            129      59.2288821
            130      54.0071504
            131       72.817399
            132      12.2322176
            133      40.7091225
            134      68.7342275
            135      25.4088987
            136       33.215396
            137      39.7919343
            138      29.4816364
            139      46.2215763
            140      44.5258048
            141      53.5570699
            142      43.0267551
            143      48.9142223
            144      61.2667846
            145      48.8029264
            146      58.7806625
            147       37.243798
            148      35.5965575
            149       72.111438
            150      59.3152327
            151       52.551801
            152      40.4928571
            153      53.7814444
            154      25.9061961
            155      59.8825682
            156      43.1014796
            157      52.5681616
            158      40.2675264
            159      54.7128622
            160      65.0511041
            161       66.164456
            162      50.0097137
            163      -1.1393542
            164      66.5315687
            165      47.0566698
            166       41.521976
            167      71.2558437
            168      24.2285226
            169      59.2656799
            170      6.61172225
            171      53.9083153
            172      30.1864904
            173      16.9015426
            174      60.9954446
            175      67.6326822
            176      36.1657613
            177      48.2331876
            178      47.6445665
            179      67.1519234
            180      45.8933685
            181       58.359341
            182      28.9993564
            183      48.7764556
            184      51.2844414
            185      66.3991384
            186      6.08246195
            187       59.305676
            188      38.0708735
            189       23.349317
            190        73.26799
            191       44.739522
            192      65.8988081
            193      20.5447106
            194      71.2109409
            195      42.5963323
            196      45.6570293
            197      31.4708643
            198      36.1167757
            199      29.0228223
            200      37.7189507
            201      45.7172192
            202       56.821981
            203      38.9059498
            204      55.2263176
            205      28.2886244
            206       32.753761
            207      15.9348827
            208      44.8479728
            209      31.3073847
            210      82.6992138
            211      59.0322058
            212      9.60058551
            213      26.6030311
            214      25.0597686
            215      14.2567937
            216      57.1593918
            217      13.3004033
            218      56.6921542
            219      64.2961452
            220       77.599021
            221     -25.3108429
            222      28.5606184
            223      91.8107275
            224      38.0107661
            225      57.6078975
            226       43.539345
            227      27.3317332
            228      36.6403904
            229    -0.357348686
            230       60.101803
            231       4.4747632
            232       45.098084
            233      14.1804339
            234      -2.8523285
            235      44.4872503
            236       42.245719
            237      49.9873326
            238      58.0220793
            239      16.0890767
            240      60.7442507
            241      30.0442054
            242       15.602491
            243      106.218084
            244      22.7896907
            245      40.3706502
            246      67.9201515
            247      53.4082466
            248      39.8249142
            249      21.0322006
            250      21.6549794
            251      63.8241429
            252      24.0949557
            253       31.789624
            254      31.8402239
            255      45.3755142
            256      14.4934608
            257      36.0803264
            258      79.7607325
            259      8.41049934
            260      70.1252891
            261      14.6616324
            262     -4.52377268
            263      39.5260015
            264      70.2324727
            265      33.4356103
            266      28.7063034
            267      79.2462426
            268     -35.4864873
            269      47.1175191
            270      69.4548087
            271      54.9778016
            272      52.9805229
            273      34.5053529
            274      24.5986345
            275      30.2474442
            276      82.3008007
            277      74.3019472
            278      1.90814495
            279      52.5628766
            280      81.9385831
            281      30.0713512
            282      14.4824738
            283     -5.79569786
            284      56.2405126
            285      42.6199667
            286      93.2119222
            287      70.0687367
            288      65.8124723
            289      29.2695659
            290      53.0316939
            291      9.08230385
            292      67.1707954
            293      45.4559295
            294      64.8108019
            295      19.8165643
            296      27.8732874
            297      62.0017044
            298      36.8630913
            299      55.1316102
            300     -2.31012785
            301      25.6753512
            302      72.4003351
            303      79.7110962
            304      42.1300446
            305      23.4972651
            306      55.6065239
            307      37.4625346
            308      55.6296433
            309      3.07726404
            310      45.8732863
            311      67.1410864
            312      57.8973057
            313      65.3088674
            314      75.3222904
            315      40.7579357
            316      44.0966128
            317      42.5540458
            318      16.5345675
            319      31.6141806
            320     -5.12861378
            321       29.510026
            322     -26.3118901
            323      29.0789169
            324      12.0611174
            325      32.5786506
            326      36.4993183
            327      58.3001002
            328       21.784739
            329      32.1847652
            330      28.1770867
            331      69.4399167
            332      51.3561055
            333      62.3756392
            334      37.8191449
            335      36.9406011
            336      76.8802381
            337      16.6995347
            338      20.6021842
            339       49.169167
            340      13.3206088
            341      57.7091239
            342      67.6968304
            343      26.1646332
            344      15.1842067
            345      47.1953411
            346      82.8722671
            347      35.1991399
            348      56.8225693
            349      35.3383483
            350        72.79928
            351      43.8712305
            352      14.2543597
            353      24.1966069
            354      23.2926909
            355      28.3431856
            356      103.756058
            357      85.0293028
            358       52.089854
            359      8.47665397
            360     -5.82458622
            361       6.9260046
            362      31.3688982
            363      26.1950986
            364      52.1271144
            365      35.2093743
            366      34.2413605
            367      11.4981412
            368      53.3225211
            369      -1.3119269
            370      70.8367016
            371      76.8640529
            372       29.149571
            373      50.6888506
            374      36.4269139
            375      52.1301467
            376      7.76410062
            377       47.433519
            378      43.9673052
            379      44.8533333
            380      6.23417843
            381      64.1892896
            382      21.3330381
            383      39.0781505
            384      69.9787452
            385      33.8195942
            386      79.8286804
            387      53.3851732
            388       40.658568
            389      31.1879124
            390      58.7296752
            391      29.9342136
            392      84.4737397
            393      21.4820671
            394      50.4216356
            395      67.0266683
            396      84.0828872
            397      23.9114843
            398      38.4089912
            399      66.6664653
            400      82.6331769
            401      42.7692252
            402      54.1073932
            403      43.6977662
            404      51.3189793
            405       72.481754
            406      17.2652265
            407      12.1974048
            408      11.5613849
            409      31.4623742
            410      42.0941465
            411       38.272655
            412      28.2162784
            413      50.5018066
            414      34.4870398
            415       66.865967
            416      22.6385017
            417      26.8720563
            418      27.6164298
            419      40.9773611
            420      61.6318298
            421      48.7043013
            422      43.5545283
            423      30.1647631
            424      49.1171713
            425      24.5595609
            426       17.951961
            427      31.6296284
            428      32.8215014
            429      51.8780534
            430      71.6166403
            431      40.6156273
            432      36.8461216
            433      46.9736271
            434      97.6726918
            435      92.3848431
            436      35.7474564
            437      17.2470979
            438      11.8545718
            439      13.4432849
            440      48.6784485
            441      15.0592409
            442      55.6381182
            443      8.91410766
            444      63.7289402
            445       62.702728
            446      46.3236821
            447    -0.615151797
            448      30.9859407
            449      29.4420033
            450      45.6265491
            451      44.2984854
            452      44.2100664
            453      34.8924809
            454      2.73747006
            455      45.6155527
            456      54.3817376
            457       65.935425
            458      65.6311605
            459      40.8106389
            460      19.8760805
            461      53.2958437
            462      38.9962168
            463      18.1158241
            464      23.2194771
            465      40.8086333
            466      44.4697745
            467      29.5424438
            468      37.5503065
            469      46.3801032
            470      4.86354676
            471      36.7777553
            472      57.4346315
            473      66.8451876
            474      49.3729268
            475      20.8891157
            476      48.0503608
            477      33.9943501
            478      58.0232595
            479      3.08960616
            480      45.8020124
            481      56.0444293
            482      73.1456717
            483      36.3286608
            484      53.6833165
            485      57.8774163
            486       76.415583
            487      70.5949314
            488      20.1678607
            489       25.486524
            490      11.3300755
            491      52.4612389
            492      48.0620338
            493      61.5064181
            494       65.958959
            495      52.0242932
            496       62.483574
            497      62.5662232
            498      35.5002591
            499      71.3616562
            500      66.2007912
            501      60.6403244
            502      6.00078827
            503      40.6438892
            504       70.571777
            505      39.8214511
            506     0.963127528
            507      80.1029484
            508     0.506659668
            509      32.4256717
            510      73.5488882
            511      63.5599502
            512      71.7901354
            513       16.848331
            514      17.0262329
            515      5.11733297
            516      39.2434517
            517       30.650929
            518      55.2003899
            519      75.9836805
            520      47.6150578
            521      32.0044137
            522      60.5318219
            523      72.8299244
            524      52.7352048
            525      76.1360066
            526      60.7109329
            527      40.6052374
            528      55.6363808
            529      61.1775793
            530      15.3476194
            531       36.440476
            532      61.3798085
            533      29.8327193
            534      40.1178709
            535      37.0048756
            536      54.2503217
            537     -1.41107225
            538      80.1726606
            539      101.430525
            540      44.6913816
            541      23.5354059
            542      54.0918006
            543      11.2863184
            544      38.8043823
            545      54.3538043
            546      14.1840109
            547      75.6308101
            548      42.1789286
            549      76.0958868
            550      64.1796479
            551      47.4071309
            552      7.15638757
            553       54.695927
            554      25.4837225
            555      25.6797202
            556      59.1373609
            557      41.0515933
            558     -1.21491692
            559      25.7061264
            560      54.0067843
            561      27.2353581
            562      26.4416948
            563      43.6037244
            564      55.8460152
            565      35.1651093
            566      31.4137557
            567       39.679157
            568      46.9261366
            569      53.5439193
            570       60.322885
            571     0.501210994
            572       24.882672
            573      93.9343378
            574      27.6849394
            575       38.497013
            576      10.4967608
            577      17.7210566
            578      79.3869515
            579      25.8085423
            580      57.5220427
            581      67.9624702
            582      13.8045076
            583      45.6383442
            584     -8.30957093
            585      32.7174852
            586      6.83612469
            587      40.9266007
            588      14.9748594
            589      10.1563518
            590      33.2604646
            591      54.0793045
            592      40.9212899
            593      22.8209128
            594      60.7198478
            595      45.0718322
            596      63.2668024
            597      21.8085778
            598      54.2792689
            599       70.991396
            600      53.6499642
            601      56.6962866
            602      35.3133177
            603      28.6453976
            604      29.9777409
            605      63.1687267
            606      56.5923454
            607      10.5987335
            608        10.52884
            609        18.84869
            610      22.6447348
            611       38.650357
            612      50.2898288
            613      39.6935827
            614      35.2852068
            615      34.9850537
            616      58.1887896
            617      42.0573243
            618       10.311452
            619      48.5507664
            620      85.6239701
            621       53.239634
            622      77.9822155
            623      42.5009826
            624      41.5970655
            625      53.3902643
            626        18.11134
            627       43.157594
            628      61.6667369
            629      18.3148536
            630      36.1740545
            631      80.9064034
            632      16.0437651
            633      70.7836594
            634      50.3930911
            635      27.5369604
            636      37.2262828
            637      57.7724057
            638      35.5312293
            639      69.0072124
            640      44.0293727
            641      63.3786698
            642      35.1061815
            643      27.8997195
            644      11.5321406
            645      40.7982454
            646      15.9869223
            647      50.6717643
            648      82.8207124
            649      66.6653003
            650      102.611843
            651      32.5596677
            652      6.81130338
            653      56.7948891
            654      45.4576509
            655      44.6695945
            656       94.365577
            657      8.64457218
            658      14.0312631
            659      60.4847577
            660     -8.40460065
            661      27.3225948
            662       33.714765
            663        17.48328
            664      87.9960156
            665      62.3013956
            666      20.9825406
            667      53.2366743
            668      28.3453246
            669      18.4169452
            670      25.6614856
            671      23.1359882
            672        91.70303
            673      24.1163485
            674      40.3727782
            675      52.1509151
            676      49.8497603
            677      -2.3417791
            678      22.9681459
            679      83.8219118
            680      12.7546613
            681      10.6424655
            682       32.668399
            683      87.4379471
            684      67.6675105
            685      39.5727858
            686      36.3700638
            687      75.1114973
            688      18.2293617
            689      11.5596543
            690      75.3119712
            691      29.4495333
            692      36.9630555
            693   -0.0240505323
            694      44.5150938
            695     -15.1671253
            696    -0.663681375
            697      21.3608208
            698      40.7572799
            699      60.7282952
            700      46.3171366
            701      2.77649454
            702      42.0790882
            703      12.9826811
            704      54.6311548
            705      56.5765287
            706      41.0080375
            707      24.2551707
            708      51.9281879
            709      55.1017594
            710      15.3959777
            711      57.5333283
            712      49.9508135
            713      79.5744165
            714      52.3234753
            715      60.1698421
            716      74.4941029
            717      17.6346397
            718      22.5742274
            719      53.0156112
            720      45.2802062
            721      42.4653753
            722      54.5908628
            723      51.1936015
            724      64.6855036
            725      22.6220218
            726      10.4130402
            727      42.9755493
            728      57.5455991
            729     -4.21501744
            730      64.0465123
            731      55.0737691
            732    -0.343669763
            733      54.8933535
            734      46.0264591
            735      44.2605651
            736      49.7527416
            737      69.7922209
            738      63.1840966
            739      32.8475791
            740      67.6582634
            741      59.6283441
            742      48.2906566
            743      20.2479162
            744      80.8031812
            745      34.5282505
            746      41.8170643
            747      64.2276144
            748      17.5503029
            749      80.2806195
            750      49.0878503
            751      77.6649013
            752       61.890174
            753      47.7844005
            754      48.7964087
            755      14.2997096
            756       36.039589
            757      57.3982522
            758      48.0937963
            759      5.70147438
            760      57.9470673
            761      49.3282667
            762      3.71515399
            763      64.8040708
            764      31.1171693
            765      8.69351573
            766      64.5108879
            767      34.6110322
            768      44.0759435
            769      78.8057808
            770    -0.562587407
            771      62.8793879
            772      80.5767193
            773      51.1212935
            774      64.8285432
            775      49.2120626
            776      13.9205815
            777      48.7947471
            778      48.5921688
            779      70.4856391
            780      65.2783361
            781        52.66619
            782      41.1277279
            783      62.5045724
            784      41.6205639
            785      33.2809366
            786      7.29677141
            787      51.6169683
            788      11.5818639
            789      60.1656087
            790        52.43487
            791       48.430469
            792      61.9163243
            793      40.9841187
            794      31.6496817
            795      79.5909621
            796      16.7471956
            797      49.4416791
            798      45.5040086
            799       19.186118
            800      7.09033355
            801      58.2750494
            802       53.801544
            803      17.3642073
            804      28.5191763
            805      62.9916423
            806      24.6802472
            807      55.6227984
            808      44.1719802
            809      36.4717105
            810      33.1976884
            811      7.24137383
            812      79.3519609
            813      64.4765035
            814      8.79444617
            815      40.0315608
            816      10.6876196
            817      33.4667711
            818       26.995544
            819      83.4592734
            820      55.9330569
            821      33.6540536
            822      98.2674647
            823      46.3149818
            824      46.5451503
            825      26.1513736
            826      42.5584151
            827      39.8194182
            828      64.6748646
            829      34.0962241
            830      62.0615604
            831      57.7300461
            832      12.8091775
            833      28.2922616
            834      49.0492937
            835      26.4762973
            836      18.9146682
            837      50.0819342
            838      73.6560623
            839      58.2360224
            840      37.2505415
            841      29.2269232
            842      19.7813979
            843      20.8979012
            844      53.6748298
            845      88.1992321
            846      61.4996096
            847      17.0498563
            848      25.7568633
            849      82.5889925
            850      38.6127856
            851      25.6832175
            852      28.7495688
            853      38.2795492
            854      39.3719557
            855      39.5455081
            856      75.1686437
            857      47.2630758
            858      64.2983053
            859      25.2058379
            860      22.2586293
            861     0.439838553
            862      33.0702359
            863      53.3364338
            864      35.8234039
            865      33.5709095
            866      39.8253029
            867      17.5283903
            868      11.1408562
            869      14.0200691
            870      44.7606356
            871      44.9869496
            872      29.4230168
            873      32.6961232
            874      23.8202925
            875      53.8767461
            876      74.6032276
            877      55.4269803
            878      35.3384868
            879       31.386255
            880      73.0918207
            881      51.6900671
            882      18.8957699
            883      42.3655965
            884      47.7088194
            885      8.29548618
            886      11.0931367
            887      71.5059461
            888      34.6052546
            889      18.7830353
            890      34.1718584
            891      47.9316412
            892      46.5581941
            893      70.9131429
            894     -12.6390237
            895      40.0317046
            896     -2.99265864
            897      31.7001572
            898      38.5848029
            899      90.4487002
            900      30.4075919
            901       42.534065
            902       78.235658
            903      7.06117913
            904       48.118245
            905      35.1018663
            906       31.145795
            907       47.612802
            908       65.456787
            909       40.239945
            910    -0.706765424
            911      40.3537483
            912      44.9839662
            913      39.8492211
            914      18.4540554
            915      21.6497162
            916       33.210288
            917      55.4838413
            918       6.1305369
            919      71.4825489
            920      67.8425384
            921      52.2908265
            922      76.8735083
            923      55.4703741
            924      56.8900404
            925      25.0585278
            926      55.4453493
            927      43.1545076
            928      25.3431621
            929      24.8553221
            930      55.1446796
            931      69.9378141
            932      32.5066766
            933      57.9507034
            934      40.1603921
            935       55.658878
            936      51.6014913
            937      50.1486144
            938      36.0171159
            939      79.0042294
            940      43.9669494
            941      41.9705083
            942      92.4876826
            943      31.7859778
            944      40.6676461
            945      34.1114256
            946      24.3144269
            947      43.3669069
            948      53.9369019
            949      13.5594839
            950      39.6091554
            951      21.2148989
            952       41.912223
            953      54.4318702
            954      50.2637015
            955      10.4553239
            956      2.17525719
            957      22.3792051
            958      90.5887562
            959      6.33025897
            960      38.1150967
            961      27.6135792
            962      50.0058679
            963      42.8148062
            964        51.26016
            965      100.192516
            966      34.5480539
            967      76.2201541
            968      80.9807327
            969      48.2653358
            970      58.4242364
            971      8.93153912
            972      50.9151215
            973      55.7153323
            974      70.9602926
            975      76.9023325
            976      40.8632364
            977      37.4022579
            978      46.2837509
            979      49.3094393
            980      63.8054557
            981      47.2085949
            982       81.254467
            983      45.9452155
            984      33.8015696
            985      15.0153839
            986      35.7788894
            987      36.1927963
            988      84.6974177
            989      26.1161567
            990      30.3913403
            991      72.5407111
            992      31.7818539
            993      52.1053274
            994      60.8070972
            995      36.0739177
            996      64.2433138
            997      18.8611244
            998      61.9584347
            999      91.3923056
