#          time            dhdl
              0      42.9015471
              1      95.3431766
              2      36.0838314
              3      56.6087506
              4       18.392171
              5      63.9152579
              6      78.2195628
              7      34.5615772
              8      57.3288337
              9         51.8092
             10      90.3499543
             11      61.4914364
             12      82.3248431
             13      44.7331742
             14      97.6491067
             15      67.2339774
             16      64.0088082
             17      47.6253055
             18      61.2166618
             19      22.5626565
             20        71.35243
             21      93.9834751
             22      100.863635
             23      29.0217032
             24      31.4787831
             25      34.3440924
             26      37.3178458
             27      69.5278998
             28      35.4876418
             29      49.4309319
             30      42.2843925
             31      76.3303582
             32      86.6210905
             33      41.6727201
             34      52.4221822
             35      62.5493487
             36      50.6760284
             37      89.2963011
             38      64.1929636
             39      74.2309314
             40      30.1748487
             41      79.5326133
             42      42.7248415
             43      38.3152227
             44      43.3130673
             45      37.6893655
             46      87.1209149
             47      94.6804302
             48      53.5745291
             49      89.6638004
             50      40.7360981
             51       24.941544
             52      75.9816477
             53      58.5293085
             54      54.9214754
             55      56.1540396
             56      68.4337858
             57      79.8580798
             58      39.1067689
             59      85.8248762
             60      72.0928083
             61      43.2658788
             62      25.8619587
             63      76.4632337
             64      94.7992948
             65      53.4640835
             66      73.3310703
             67      66.6037228
             68      64.4740055
             69      91.3552351
             70      68.1855196
             71      40.9490766
             72      43.0019148
             73      29.4159155
             74      72.6575029
             75      39.9728296
             76      79.1009148
             77      40.8027601
             78      23.9214903
             79      58.5167666
             80      55.1487255
             81      45.9300786
             82       93.769893
             83      82.9653044
             84      41.9868027
             85      18.4739319
             86      42.3550904
             87       44.573815
             88      79.3695533
             89      57.2120446
             90      61.9871631
             91       56.609853
             92      53.1627497
             93      110.324043
             94      46.8278213
             95      68.9422743
             96      40.4858909
             97      36.1045265
             98      63.8850885
             99      49.3344857
            100      36.5339956
            101      59.4587912
            102      65.8307264
            103      82.0446786
            104      68.2884674
            105       47.286567
            106      52.4415997
            107      13.9859291
            108       27.231574
            109      71.1231066
            110      102.084345
            111       87.178251
            112      59.0465121
            113      83.3291399
            114      51.0588575
            115      54.5126303
            116      65.7545339
            117      30.4520452
            118        74.09726
            119      51.3902862
            120      31.4949169
            121      59.6236334
            122       60.556101
            123      74.2483817
            124       82.595152
            125      41.0804182
            126      24.9037735
            127      28.4537961
            128      54.0128145
            129      25.2584782
            130      51.2639196
            131      70.3800608
            132      44.2234092
            133       99.598553
            134      52.8732723
            135      57.1441442
            136      61.4239585
            137      45.2539085
            138      29.9748297
            139      78.4045277
            140      58.4306634
            141      43.1563628
            142      90.8194141
            143      83.4168257
            144      54.1792791
            145      38.8906974
            146       61.095922
            147      59.3356168
            148       70.967446
            149      57.0826608
            150       49.275939
            151      63.0654365
            152      49.9507955
            153      33.8605405
            154      85.6771859
            155      56.3761534
            156      68.9503958
            157      46.5062021
            158      63.9492488
            159      59.1899657
            160       63.664254
            161      75.2028234
            162      55.9775342
            163      85.8778938
            164      59.1098121
            165      19.1506286
            166      33.0299287
            167      82.7043974
            168      92.7913466
            169       27.683133
            170      14.5309179
            171      22.2842156
            172      75.1618246
            173      54.3541645
            174      60.5524084
            175      64.3283202
            176      83.8936425
            177      71.8194915
            178      80.3067546
            179      53.7623407
            180      69.9198833
            181      71.5789009
            182       57.668453
            183      43.5056694
            184      43.3987688
            185      47.5000125
            186      55.7296226
            187      79.1191535
            188      40.0795508
            189      41.7558233
            190      117.829922
            191       59.103964
            192      60.9205733
            193      36.1631726
            194      70.2879847
            195       67.096555
            196      89.1690789
            197      47.1441073
            198      69.8291309
            199      51.6761397
            200      41.3599828
            201      56.4164869
            202      91.6573001
            203      29.7317206
            204      54.0378795
            205      76.5902347
            206      46.7726569
            207      57.6509622
            208       62.893183
            209      80.9416837
            210       78.269442
            211      52.6581198
            212      54.0350473
            213      76.2500492
            214      92.4985476
            215      82.0281594
            216      76.5778615
            217      98.6508532
            218      51.0086141
            219      98.0256999
            220      94.7676744
            221      43.8693451
            222      99.3464435
            223      72.6383814
            224      39.9327634
            225      7.11061288
            226      46.7855042
            227      85.4366869
            228      26.3787543
            229      86.9368297
            230      38.1520037
            231      60.1507039
            232       45.497359
            233       41.449926
            234      74.9415197
            235      87.4862674
            236      44.0860391
            237      33.2073221
            238      67.5589365
            239      41.4798965
            240      35.8123954
            241      134.868313
            242       73.500018
            243      1.92925596
            244      46.9407252
            245      58.3143405
            246      41.5396825
            247      90.3113356
            248      58.9205013
            249      27.6118443
            250       54.235433
            251      70.3115015
            252      65.2760059
            253      76.4497796
            254      65.4016372
            255      88.5701562
            256      95.2600272
            257      28.0359251
            258      66.9641137
            259      17.9650742
            260      45.7759396
            261      41.7015562
            262      34.3663723
            263      97.4506114
            264      29.6719576
            265       61.199414
            266      37.3561513
            267      59.4209358
            268      88.7487787
            269      75.4435771
            270      93.6006502
            271      40.5440932
            272      52.3981045
            273       33.836704
            274      35.6837804
            275      59.5803737
            276      82.1671521
            277      73.7024226
            278      60.9123086
            279      59.0748344
            280       61.614764
            281      61.4581618
            282      52.3149436
            283      70.9519858
            284      89.7361823
            285      66.1862049
            286      110.054046
            287      47.2894097
            288      62.0864744
            289      55.9385034
            290      50.3875136
            291      46.2690194
            292       86.329844
            293        52.25846
            294      74.8701556
            295      31.4913925
            296      83.2979513
            297      54.2023661
            298     0.725117046
            299      74.4912688
            300      88.0830774
            301      21.3171144
            302      61.8887699
            303      103.899561
            304      109.078332
            305     -27.2201834
            306      45.8788626
            307      4.69326785
            308      72.9917324
            309      71.9703383
            310      70.7357667
            311      67.3652913
            312      45.6097779
            313      45.3389755
            314      83.3802266
            315      72.1853355
            316      7.79740855
            317      94.3661091
            318      93.8098947
            319      85.0182113
            320       59.435511
            321      32.6154843
            322      56.8310635
            323      66.2349742
            324      51.1944624
            325      59.6505373
            326      45.0930013
            327      63.3290401
            328      74.7759168
            329      42.7569346
            330      28.2366798
            331      48.3970824
            332      15.2539456
            333      61.2753966
            334      84.2003952
            335      64.3919403
            336      56.9308498
            337      72.7590671
            338      61.2531327
            339       54.322484
            340      74.5065494
            341      77.9841461
            342      37.7691688
            343      39.8081182
            344      23.3640797
            345      59.4160286
            346      30.1048647
            347      83.0368759
            348      75.0387463
            349       29.221917
            350      83.6736813
            351      65.6255249
            352       99.740123
            353      73.1932207
            354      47.2693358
            355      43.0418966
            356      64.1600115
            357      78.2515126
            358      52.6864218
            359      38.5014832
            360      47.3559316
            361      103.929002
            362      72.2905897
            363      58.3630495
            364      59.4582654
            365      47.0422444
            366      71.7461459
            367       61.674012
            368       64.750565
            369      57.4542787
            370       74.825448
            371      56.2198213
            372      87.3030857
            373      69.4726784
            374      19.4020612
            375      62.0885167
            376      46.5313988
            377      63.3452694
            378      92.1848353
            379      13.0010775
            380       24.644111
            381      28.4499515
            382      87.0328327
            383      91.8356962
            384      54.3560313
            385      32.5333886
            386      47.0264864
            387      54.5782247
            388      46.5512371
            389      50.6847061
            390      92.9364278
            391      35.4975821
            392      46.0185628
            393      61.3787644
            394      32.6684898
            395      74.6344052
            396      72.5544531
            397      50.6354417
            398      80.5206936
            399      91.6210276
            400      63.7679302
            401      75.1349681
            402      12.5680883
            403      61.3238982
            404      57.1784906
            405      61.9008092
            406      81.7090419
            407      57.2300813
            408      61.9422639
            409      60.5117271
            410      47.0290255
            411       83.353958
            412      70.9250072
            413      33.4875605
            414      47.3327909
            415      78.5550758
            416      3.24414579
            417      32.6336946
            418      62.7697555
            419      60.0363587
            420      60.3716307
            421      46.6303047
            422      52.8407491
            423      50.2657605
            424       40.918553
            425      37.3757143
            426      104.655372
            427      50.6368692
            428      51.3719008
            429      68.8500135
            430      85.0638018
            431       56.516366
            432      60.6481074
            433      77.2093732
            434      29.3834609
            435      50.3793024
            436      84.8052381
            437      41.8374932
            438      121.274638
            439       72.343141
            440      29.2030292
            441      41.4202069
            442      77.5821611
            443      59.3511616
            444      73.9231458
            445      27.6343482
            446      66.7944213
            447      52.7619266
            448      20.7233572
            449      104.891665
            450      58.0028527
            451      79.9529441
            452      87.2733309
            453       52.580955
            454       57.214014
            455      85.7906603
            456      -5.8059155
            457      91.6012635
            458      45.7441267
            459      55.8024464
            460      64.8132173
            461      19.1618686
            462      74.5909482
            463      52.2017577
            464      67.2506587
            465      33.0471721
            466      40.2911095
            467       87.776467
            468      69.1287326
            469      63.4594623
            470      25.7285802
            471      48.1815124
            472      75.7055651
            473       23.669051
            474      14.0263995
            475      48.3332879
            476      84.1509561
            477      11.9506787
            478      73.5433392
            479      37.2162923
            480      51.2681371
            481       29.262063
            482       44.464678
            483      12.4347045
            484      125.334515
            485       54.174857
            486      69.9383342
            487      84.4511298
            488      63.6821264
            489      61.7292158
            490       82.005758
            491      20.7385843
            492      87.0049285
            493       18.854895
            494      58.7900744
            495      31.9025921
            496      47.1747881
            497      46.3091743
            498      58.4283754
            499      65.6774406
            500      76.3706478
            501      59.3652712
            502      35.3422843
            503      28.5018625
            504      57.9641173
            505      34.2779943
            506      87.7331857
            507      55.2565011
            508       14.847652
            509      94.0636032
            510      78.2286343
            511      20.1231599
            512      67.4774305
            513      44.7098573
            514      75.7616374
            515      102.791271
            516      59.3553272
            517       34.410726
            518      68.8197339
            519      42.0166195
            520      60.4131697
            521      16.9590036
            522      30.7336118
            523      88.5986057
            524      46.8124363
            525      90.2230682
            526      61.3277742
            527      69.4545563
            528      57.7146008
            529      104.409366
            530      62.8661721
            531      67.3539356
            532      26.6705712
            533      32.4924494
            534      75.1928749
            535      103.392175
            536      76.1711337
            537      83.0233092
            538      50.5380981
            539      77.7059866
            540      42.5608422
            541      67.4148316
            542      57.7117814
            543      119.722305
            544      25.8816138
            545      85.0539216
            546      79.9815332
            547      64.4421447
            548      69.5278353
            549      36.4465426
            550      67.2352066
            551       51.710873
            552       53.894621
            553      19.2917398
            554      98.5490556
            555      84.6854743
            556      22.7325877
            557      90.2702501
            558      60.1073445
            559      38.8013629
            560       66.214866
            561      36.3459677
            562      66.6221013
            563      18.2279149
            564      58.8646497
            565      36.3423914
            566      51.1822869
            567       87.268366
            568      42.9437352
            569      55.9015965
            570      99.3030476
            571      54.4339868
            572      80.1736391
            573      85.8922786
            574      43.3604282
            575      86.7896375
            576      47.2451956
            577      70.2559567
            578      62.7094484
            579      71.1129968
            580      37.0979948
            581      54.2598977
            582      77.7580214
            583      63.2159025
            584      44.1896989
            585      60.4867665
            586      56.2598513
            587      78.5297049
            588      67.1894055
            589      66.9887296
            590      43.8301498
            591      48.8806631
            592      61.9830368
            593      44.8646813
            594      58.7737465
            595      69.4464595
            596      73.3868254
            597      81.6006697
            598       66.723814
            599      63.5060609
            600      75.3913254
            601      51.6887006
            602      25.4760951
            603      36.7449536
            604      65.0028321
            605      28.3858415
            606      65.3583813
            607       54.271083
            608      52.4566411
            609      15.7836271
            610      53.0699195
            611      36.6486362
            612      90.9853251
            613      73.0073833
            614       56.703921
            615      83.6778871
            616      52.1899464
            617      87.4717217
            618      91.2341381
            619      55.9647061
            620      19.4938616
            621      70.0585745
            622      37.8486962
            623      46.3990007
            624       39.606659
            625      37.1928843
            626      49.7427145
            627      68.9280466
            628      78.3848097
            629      9.27768915
            630      40.8272708
            631      12.1437436
            632      76.1597299
            633      72.1751301
            634      67.1620875
            635      32.1507163
            636      76.9431888
            637      55.5494745
            638      62.5028985
            639      27.4896459
            640      71.7072662
            641      59.2351054
            642       62.179923
            643      71.3151751
            644      103.769289
            645      52.2649682
            646      45.7658681
            647      77.6740102
            648      91.0377635
            649      60.4395848
            650      47.4929534
            651      50.6957102
            652      50.0685331
            653      54.3725085
            654        23.09718
            655      102.473508
            656      48.1786615
            657      63.5384467
            658      59.4636818
            659      81.4885873
            660      34.7681551
            661      15.5163446
            662      56.8975957
            663      57.4568665
            664      52.2219411
            665      84.0765763
            666       72.347314
            667      58.8813501
            668      78.2422891
            669      14.4197145
            670       6.9334786
            671      41.6242809
            672      84.2888927
            673      47.5367606
            674      51.1938361
            675      73.4241291
            676      28.0562438
            677      68.7987067
            678      63.9112326
            679      58.9291214
            680      110.122146
            681      45.8850407
            682      44.5659992
            683      58.8430893
            684      37.6305538
            685      24.3782982
            686      110.602016
            687      93.7152026
            688     -6.57060619
            689      65.1702781
            690      27.9285094
            691      41.1217132
            692      100.734067
            693     -1.51345563
            694      56.6993891
            695      68.6697217
            696      22.5732453
            697      77.9596844
            698      83.3607973
            699      66.1485196
            700      27.4645456
            701      65.4079217
            702      99.5751922
            703      91.1665228
            704      14.5423091
            705      80.1196191
            706      64.3037705
            707      104.391831
            708      27.2097861
            709      49.6808903
            710      72.5308581
            711      53.9326979
            712      65.2751459
            713      76.6075245
            714      84.0908446
            715       38.644879
            716      23.2027951
            717      68.7260216
            718      81.3336931
            719      49.4656456
            720      59.0836993
            721      81.9311648
            722      78.1476101
            723      77.9723001
            724      59.3166946
            725        69.96034
            726      49.5071861
            727      52.0441105
            728      31.8038085
            729        103.8914
            730      76.6111647
            731      62.3686865
            732      92.4904163
            733      53.7802207
            734      53.7557394
            735      21.1113994
            736      74.8050059
            737      78.6812583
            738      89.6983317
            739      62.5707425
            740      60.1998612
            741      32.5160166
            742      74.9699252
            743      49.9703234
            744       61.871073
            745      51.0113153
            746      38.8052373
            747      45.8853668
            748       62.657448
            749      80.8446584
            750      58.3558869
            751      62.3964322
            752      25.1348295
            753      79.9324286
            754      68.2848336
            755      66.2410587
            756      53.4598454
            757      86.1153138
            758      71.4897084
            759      77.2583119
            760      57.9990927
            761       76.593225
            762      54.1293583
            763      19.7333611
            764      48.0902215
            765      46.0063536
            766      67.8556017
            767      40.1462289
            768      31.9115335
            769      39.2625124
            770      21.3696485
            771      38.3021151
            772      17.5799673
            773      89.9458192
            774      61.4221727
            775      43.2148853
            776      16.4059194
            777      63.7567752
            778      50.7276689
            779       51.178063
            780      5.54454214
            781      38.1272412
            782      43.8779363
            783      63.4244074
            784      48.4386179
            785      36.3706658
            786      113.633156
            787      64.8233162
            788      8.62916767
            789       74.400596
            790      15.9068041
            791      69.3487179
            792      94.9006579
            793      18.8606667
            794      49.8786602
            795      51.6369995
            796      62.4808981
            797      47.8957989
            798      56.0335528
            799      71.2135648
            800      32.2142756
            801      70.7758025
            802      47.7527787
            803      71.3946816
            804      62.1284778
            805       105.39516
            806      103.189236
            807      87.6194912
            808       71.500584
            809      57.7136877
            810      77.1159142
            811      53.8809454
            812      16.0698036
            813      82.4271269
            814       65.236718
            815      39.3429264
            816      58.2691603
            817      71.2549148
            818       40.775095
            819      79.7725687
            820      57.1307192
            821      69.4796158
            822     -6.71300002
            823      47.1925274
            824      66.8538568
            825      42.6895978
            826      42.3686067
            827      44.1608679
            828       63.400634
            829      68.7845854
            830      60.8958839
            831      72.7698458
            832      81.5617302
            833       66.797701
            834      52.8974201
            835      56.4233517
            836      37.0646861
            837      59.4069016
            838      61.7875885
            839      42.8794867
            840      75.6303237
            841      76.7944262
            842      24.1957255
            843      71.1343786
            844      56.7786462
            845      84.8980282
            846      14.6466084
            847      66.9436215
            848      56.6632805
            849      48.7215392
            850      59.2298589
            851      35.6057762
            852      37.7140894
            853      6.39940318
            854      44.0827093
            855       60.324429
            856      29.0304482
            857      63.7360676
            858      105.686684
            859      38.5044455
            860      84.6954947
            861      76.6459712
            862      33.9107207
            863      80.5232448
            864      69.9163197
            865      71.4646476
            866      64.1081919
            867      47.9153638
            868      57.4146993
            869      95.8419166
            870      38.1553219
            871      63.2379087
            872      94.7746594
            873      57.4407055
            874      38.2423716
            875      51.7577806
            876      67.4469956
            877      16.8231116
            878      59.1465799
            879      69.3931308
            880      60.1922862
            881       22.230675
            882      38.5865622
            883       71.033025
            884      35.7279223
            885      46.6591608
            886      96.1242195
            887       79.620327
            888      65.8382549
            889      31.2451009
            890      77.3616176
            891      48.8969621
            892      89.0914306
            893      36.5493268
            894      51.4466593
            895      88.1342244
            896      36.5073724
            897      82.1355293
            898      4.08377411
            899      48.0759505
            900      86.3904073
            901      62.8560406
            902      77.3387671
            903       59.220897
            904      58.4292742
            905      30.1569906
            906       88.788938
            907      60.3170973
            908      65.5816499
            909      60.6362308
            910      51.8609722
            911      32.0259027
            912      98.6925196
            913      36.7066999
            914      30.2376243
            915       59.091426
            916      63.4118582
            917      69.4559263
            918       92.131612
            919      93.3428257
            920      70.2114539
            921      89.3391992
            922      89.4505023
            923      36.1675791
            924      70.0791944
            925      95.8040834
            926      30.7224397
            927      112.323575
            928       70.835779
            929      5.22307334
            930       48.662232
            931      33.3813425
            932      21.8384378
            933      93.5163177
            934       30.281327
            935      75.9036358
            936      63.2663673
            937      72.4382231
            938      91.7606999
            939      82.6457576
            940      74.6123119
            941      34.2156281
            942      65.6350831
            943      32.2146791
            944      70.6092441
            945      35.7462186
            946       37.965457
            947      50.0313034
            948      66.2220573
            949      28.5519731
            950      57.7154336
            951      24.5350098
            952      43.4898133
            953      74.4555719
            954      59.0490791
            955      67.1299969
            956      75.7953347
            957      62.3739812
            958      74.7459525
            959      59.3652573
            960       45.153777
            961      49.6365966
            962      68.7769598
            963      91.2735872
            964      33.9803089
            965        39.65738
            966      35.2139506
            967      97.4997385
            968      72.3387698
            969      43.9224368
            970      28.0772374
            971       33.007926
            972      57.0880892
            973      61.7784593
            974      59.1677284
            975      64.2787367
            976      94.9403734
            977      80.6145053
            978      67.6610139
            979      38.1453433
            980      106.121132
            981      56.4353895
            982      24.1546779
            983      26.2865647
            984      25.7250668
            985      80.9771171
            986       53.921893
            987      63.4705524
            988      66.2594368
            989      7.67972938
            990       70.256692
            991      65.6092209
            992      24.2909806
            993      60.7542423
            994      94.4345769
            995      91.7782197
            996      55.8320978
            997      29.8920266
            998       46.264063
            999      61.6468992
