#          time          totene
              0     -207577.817
            0.2      -231839.17
            0.4     -245301.304
            0.6     -252265.278
            0.8     -255879.524
              1     -257793.157
            1.2     -258905.891
            1.4     -259519.138
            1.6     -259912.526
            1.8     -260005.837
              2     -260100.044
            2.2     -260098.016
            2.4     -260068.791
            2.6     -260063.192
            2.8     -259950.231
              3     -259711.204
            3.2     -259394.861
            3.4     -259085.816
            3.6     -259103.422
            3.8     -259063.537
              4     -259110.465
            4.2      -258971.58
            4.4     -258460.748
            4.6     -257681.343
            4.8     -257208.991
              5     -256927.596
            5.2     -256879.733
            5.4     -257201.511
            5.6     -257156.996
            5.8     -257052.247
              6     -256974.954
            6.2     -257011.144
            6.4     -257175.155
            6.6     -257022.439
            6.8     -256788.348
              7     -256704.302
            7.2     -256675.516
            7.4     -256642.437
            7.6     -256601.819
            7.8     -256523.579
              8     -256601.659
            8.2     -256620.464
            8.4     -256674.375
            8.6     -256826.535
            8.8     -257103.112
              9     -257293.911
            9.2     -257269.263
            9.4     -257410.842
            9.6     -257849.743
            9.8     -258001.674
             10      -257964.25
           10.2     -257906.888
           10.4     -257436.394
           10.6     -257376.336
           10.8     -257714.555
             11     -258101.319
           11.2     -258170.199
           11.4     -258311.476
           11.6     -258456.113
           11.8     -258278.421
             12     -258514.232
           12.2     -258359.827
           12.4     -258142.196
           12.6     -257873.511
           12.8     -257474.653
             13     -257547.343
           13.2     -257582.609
           13.4     -257530.451
           13.6     -257571.152
           13.8     -257702.462
             14     -257919.127
           14.2     -257928.394
           14.4      -257628.75
           14.6     -257306.619
           14.8     -257202.394
             15     -257160.197
           15.2     -257042.892
           15.4     -256980.544
           15.6     -257110.419
           15.8     -257462.144
             16     -257260.553
           16.2     -257335.627
           16.4     -257672.095
           16.6     -257636.815
           16.8     -257365.766
             17     -257248.609
           17.2     -257192.973
           17.4      -256863.74
           17.6      -256529.56
           17.8     -256337.838
             18     -256223.369
           18.2     -256173.411
           18.4     -255929.159
           18.6      -256073.41
           18.8     -256352.472
             19     -256531.772
           19.2     -256551.638
           19.4     -256969.074
           19.6     -257486.657
           19.8     -257617.688
             20     -257318.623
           20.2     -245616.773
           20.4     -240911.554
           20.6     -239862.139
           20.8     -240893.856
             21      -242021.92
           21.2     -243069.977
           21.4     -243629.682
           21.6     -244046.203
           21.8     -244629.951
             22     -244920.851
           22.2     -245155.288
           22.4     -245208.546
           22.6     -245187.327
           22.8     -245319.642
             23     -245228.742
           23.2     -245200.996
           23.4     -245413.807
           23.6     -245556.164
           23.8     -245633.572
             24     -245624.986
           24.2     -245609.281
           24.4     -245613.345
           24.6     -245557.299
           24.8     -245671.534
             25     -245687.187
           25.2     -245665.273
           25.4     -245821.483
           25.6     -246000.205
           25.8     -246070.654
             26     -246059.599
           26.2      -246097.24
           26.4     -246086.783
           26.6      -246124.71
           26.8     -246270.403
             27     -246442.518
           27.2     -246388.273
           27.4     -246278.442
           27.6     -246051.718
           27.8     -245984.558
             28     -246101.119
           28.2     -246231.302
           28.4      -246215.67
           28.6     -246291.487
           28.8     -246360.733
             29     -246427.231
           29.2     -246534.593
           29.4     -246593.041
           29.6      -246444.42
           29.8      -246385.85
             30     -246441.804
           30.2     -246377.558
           30.4     -246497.679
           30.6     -246425.398
           30.8     -246448.546
             31     -246421.761
           31.2     -246432.715
           31.4     -246471.611
           31.6     -246616.085
           31.8      -246636.21
             32     -246688.584
           32.2      -246774.62
           32.4     -246685.006
           32.6     -246741.343
           32.8     -246876.789
             33     -246933.705
           33.2     -246867.536
           33.4     -246984.254
           33.6     -247069.474
           33.8     -247123.685
             34     -247041.928
           34.2     -247111.287
           34.4     -247143.162
           34.6      -247233.55
           34.8      -247237.45
             35     -247224.681
           35.2      -247193.83
           35.4     -247010.156
           35.6     -247076.534
           35.8      -247018.23
             36     -246903.905
           36.2     -246904.804
           36.4     -247011.523
           36.6     -247132.293
           36.8     -247168.576
             37     -247142.078
           37.2     -247320.899
           37.4     -247322.349
           37.6     -247223.318
           37.8     -247257.361
             38     -247316.832
           38.2     -247111.017
           38.4     -247104.513
           38.6     -247136.315
           38.8     -247157.948
             39     -247266.469
           39.2     -247159.349
           39.4     -247156.119
           39.6     -247202.119
           39.8     -247268.448
             40     -247412.658
           40.2      -237202.22
           40.4     -232850.516
           40.6     -231195.314
           40.8     -230566.272
             41     -230459.101
           41.2     -230349.181
           41.4     -230388.492
           41.6     -230458.657
           41.8     -230497.259
             42     -230682.105
           42.2     -230675.484
           42.4     -230720.212
           42.6     -230566.915
           42.8     -230794.693
             43     -230821.824
           43.2     -230835.541
           43.4     -230794.198
           43.6     -230769.681
           43.8     -230841.709
             44     -231021.099
           44.2     -231022.356
           44.4       -231002.5
           44.6     -231262.888
           44.8     -231290.717
             45      -231225.11
           45.2     -231305.835
           45.4      -231331.94
           45.6     -231250.751
           45.8     -231396.494
             46     -231475.205
           46.2      -231549.26
           46.4     -231695.316
           46.6     -231497.592
           46.8     -231442.384
             47      -231395.38
           47.2     -231580.974
           47.4     -231650.769
           47.6     -231710.389
           47.8     -231773.493
             48      -231835.12
           48.2     -231972.445
           48.4     -231980.374
           48.6     -231971.147
           48.8     -232089.053
             49     -232139.756
           49.2     -232236.549
           49.4     -232158.934
           49.6     -232120.106
           49.8     -232082.524
             50     -232197.429
           50.2     -232158.451
           50.4     -232455.125
           50.6     -232458.684
           50.8     -232506.356
             51      -232455.59
           51.2     -232412.966
           51.4     -232444.293
           51.6     -232491.461
           51.8     -232545.075
             52     -232553.556
           52.2     -232752.015
           52.4     -232739.685
           52.6     -232812.794
           52.8     -232745.968
             53     -232668.531
           53.2     -232538.024
           53.4     -232588.221
           53.6     -232647.646
           53.8     -232660.155
             54     -232670.103
           54.2      -232847.99
           54.4     -232811.501
           54.6     -232798.281
           54.8     -233025.535
             55     -232993.974
           55.2     -233055.119
           55.4     -233001.415
           55.6     -232933.007
           55.8     -232851.149
             56     -233125.962
           56.2     -233090.867
           56.4     -233125.388
           56.6     -233097.328
           56.8     -233108.122
             57     -233201.217
           57.2      -233272.65
           57.4     -233213.045
           57.6     -233216.665
           57.8     -233176.375
             58     -233099.917
           58.2     -233258.857
           58.4     -233242.769
           58.6     -233235.721
           58.8     -233454.183
             59     -233404.559
           59.2     -233402.396
           59.4     -233276.363
           59.6     -233258.936
           59.8     -233218.624
             60     -233428.887
           60.2     -223072.617
           60.4     -218349.327
           60.6     -216061.582
           60.8     -214893.835
             61     -214148.165
           61.2     -214054.731
           61.4     -213614.405
           61.6     -213229.175
           61.8      -213184.53
             62     -213007.558
           62.2     -212504.095
           62.4     -212338.535
           62.6     -212113.994
           62.8     -211835.758
             63     -211763.079
           63.2     -211888.592
           63.4     -211925.779
           63.6     -211773.793
           63.8     -211606.836
             64     -211349.595
           64.2     -211185.246
           64.4     -211221.855
           64.6     -211343.478
           64.8     -211246.681
             65     -211131.044
           65.2     -211184.592
           65.4     -211068.407
           65.6     -210847.659
           65.8     -210650.071
             66       -210572.3
           66.2     -210407.285
           66.4     -210280.813
           66.6     -210380.879
           66.8     -210273.143
             67     -210123.344
           67.2     -210168.367
           67.4     -210246.041
           67.6     -210446.335
           67.8     -210444.542
             68     -210435.649
           68.2     -210462.244
           68.4     -210430.513
           68.6     -210441.655
           68.8     -210613.657
             69     -210686.297
           69.2     -210430.683
           69.4     -210210.945
           69.6     -210376.564
           69.8      -210435.87
             70     -210616.036
           70.2     -210594.288
           70.4     -210336.975
           70.6     -210360.352
           70.8     -210052.083
             71     -210248.995
           71.2     -210153.963
           71.4     -210228.159
           71.6     -210312.066
           71.8      -210312.16
             72     -210098.139
           72.2     -210302.525
           72.4     -210178.691
           72.6     -209973.044
           72.8     -210178.605
             73     -210245.906
           73.2     -209995.301
           73.4     -210097.671
           73.6     -209849.252
           73.8     -209847.222
             74     -209782.212
           74.2     -209871.054
           74.4     -209823.138
           74.6     -209904.487
           74.8      -209965.76
             75     -210005.026
           75.2     -210284.172
           75.4     -210231.993
           75.6     -210008.165
           75.8      -209751.22
             76     -209744.841
           76.2      -209597.04
           76.4     -209738.806
           76.6     -209637.921
           76.8     -209783.605
             77     -209738.511
           77.2     -209802.956
           77.4     -209892.016
           77.6     -209824.532
           77.8     -209760.797
             78     -210004.373
           78.2     -209794.128
           78.4     -209855.417
           78.6     -209905.126
           78.8     -210021.362
             79     -210014.807
           79.2     -209925.337
           79.4     -209933.199
           79.6     -210031.968
           79.8     -209964.058
             80     -210136.701
           80.2      -203088.35
           80.4      -199606.06
           80.6     -197611.099
           80.8     -196271.461
             81     -195455.188
           81.2     -194854.889
           81.4     -194353.563
           81.6     -194136.682
           81.8     -193939.662
             82     -193667.515
           82.2     -193095.272
           82.4     -192980.117
           82.6     -192749.336
           82.8      -192457.38
             83     -192080.651
           83.2     -192037.501
           83.4     -192153.275
           83.6     -192211.704
           83.8     -191777.672
             84     -191748.285
           84.2     -191747.111
           84.4      -191534.44
           84.6      -191605.48
           84.8     -191346.626
             85     -191424.584
           85.2     -191304.316
           85.4     -191756.153
           85.6     -191751.798
           85.8     -191389.509
             86     -191128.845
           86.2     -191007.378
           86.4     -190970.934
           86.6     -190866.935
           86.8     -190679.304
             87     -190896.336
           87.2     -190834.271
           87.4     -190981.172
           87.6     -191064.691
           87.8     -191180.043
             88     -191105.286
           88.2     -191279.729
           88.4     -191062.914
           88.6      -190768.22
           88.8     -190708.236
             89     -190836.148
           89.2      -190761.32
           89.4     -190471.872
           89.6     -190374.027
           89.8     -190689.448
             90     -190629.517
           90.2     -190868.037
           90.4     -190607.981
           90.6     -190684.418
           90.8     -190496.008
             91      -190438.23
           91.2     -190338.506
           91.4      -190496.35
           91.6     -190447.528
           91.8     -190702.227
             92     -190789.997
           92.2     -190829.066
           92.4     -191091.435
           92.6     -191278.668
           92.8     -191302.255
             93      -190863.05
           93.2     -190728.501
           93.4     -190700.818
           93.6     -190856.761
           93.8     -190993.159
             94     -191159.563
           94.2     -191271.214
           94.4     -190987.285
           94.6     -191070.594
           94.8     -190781.312
             95     -190890.173
           95.2     -190519.446
           95.4     -190806.315
           95.6     -190569.831
           95.8     -190716.541
             96     -190777.551
           96.2     -190821.913
           96.4     -190610.309
           96.6     -190691.191
           96.8       -190564.3
             97     -190694.309
           97.2     -190722.042
           97.4     -190507.211
           97.6     -190474.159
           97.8     -190571.123
             98     -190742.156
           98.2     -190687.727
           98.4     -190809.037
           98.6      -190736.84
           98.8     -190692.544
             99     -190882.665
           99.2     -190704.558
           99.4      -190673.24
           99.6     -190616.588
           99.8     -190680.788
            100     -190616.329
          100.2     -187832.594
          100.4     -186350.667
          100.6     -185069.423
          100.8     -184578.125
            101     -184356.207
          101.2     -184296.569
          101.4     -184127.159
          101.6     -184103.006
          101.8     -184016.732
            102     -183835.708
          102.2     -183798.104
          102.4     -183655.083
          102.6     -183252.937
          102.8      -183157.66
            103     -183459.568
          103.2     -183369.099
          103.4     -183344.172
          103.6     -183415.278
          103.8     -183543.795
            104     -183349.328
          104.2     -183315.412
          104.4     -183501.535
          104.6     -183624.755
          104.8     -183582.379
            105     -183287.907
          105.2     -183131.188
          105.4     -183469.911
          105.6     -183340.379
          105.8     -183452.731
            106     -183350.298
          106.2     -183168.502
          106.4     -182942.555
          106.6     -183255.905
          106.8     -183518.618
            107     -183676.485
          107.2     -183324.064
          107.4     -183421.752
          107.6     -183414.976
          107.8     -183264.973
            108     -183092.799
          108.2      -183338.71
          108.4     -183414.756
          108.6     -183495.333
          108.8     -183406.907
            109     -183358.618
          109.2     -183326.942
          109.4     -183262.245
          109.6     -183167.459
          109.8     -183429.609
            110     -183358.022
          110.2     -183173.381
          110.4     -183174.146
          110.6     -182969.861
          110.8     -182912.306
            111     -183143.131
          111.2     -183286.659
          111.4     -183091.979
          111.6     -183072.875
          111.8     -183166.196
            112     -183016.756
          112.2      -183160.98
          112.4     -183260.346
          112.6     -183317.938
          112.8     -183279.081
            113     -183217.872
          113.2      -183197.62
          113.4     -183160.073
          113.6     -183037.152
          113.8     -183055.868
            114     -182899.563
          114.2     -183154.215
          114.4     -183263.566
          114.6     -183355.905
          114.8     -183401.332
            115     -183404.533
          115.2     -183210.897
          115.4     -183270.224
          115.6     -183085.761
          115.8     -183287.686
            116     -183164.873
          116.2     -183298.353
          116.4     -183097.615
          116.6     -183039.783
          116.8     -183236.065
            117     -183203.522
          117.2     -183242.937
          117.4       -183085.8
          117.6     -183226.727
          117.8     -183402.986
            118     -183559.004
          118.2     -183406.295
          118.4     -183293.883
          118.6     -183367.054
          118.8     -183347.836
            119     -183197.458
          119.2     -183268.818
          119.4     -183456.737
          119.6     -183582.486
          119.8     -183528.297
            120     -183270.663
          120.2     -174648.497
          120.4     -170299.155
          120.6     -167580.937
          120.8     -166241.118
            121     -165117.006
          121.2     -164396.719
          121.4     -164123.386
          121.6     -163979.936
          121.8     -164088.909
            122     -164216.774
          122.2     -164068.171
          122.4     -163738.875
          122.6     -163664.412
          122.8     -163535.236
            123     -163693.149
          123.2      -163842.09
          123.4     -163949.829
          123.6     -163976.804
          123.8     -163823.443
            124     -163418.582
          124.2     -164004.701
          124.4     -164234.117
          124.6     -164281.318
          124.8     -164211.024
            125     -164093.752
          125.2     -164244.847
          125.4     -164070.985
          125.6     -164048.989
          125.8     -163467.707
            126     -163821.341
          126.2     -164019.681
          126.4     -164322.777
          126.6     -163880.619
          126.8     -163754.061
            127     -163765.147
          127.2     -163798.682
          127.4     -163751.774
          127.6     -163892.314
          127.8     -164152.345
            128     -163448.469
          128.2     -163602.398
          128.4     -163457.789
          128.6     -163445.426
          128.8     -163563.192
            129     -163487.007
          129.2     -163351.416
          129.4     -163509.587
          129.6     -163381.354
          129.8      -163556.11
            130     -163769.204
          130.2     -163841.225
          130.4     -164019.041
          130.6     -163675.313
          130.8     -163717.693
            131     -163888.062
          131.2     -163839.465
          131.4     -163547.766
          131.6     -163695.199
          131.8     -163705.247
            132       -163431.2
          132.2      -163964.19
          132.4     -163626.747
          132.6     -163757.051
          132.8      -163654.46
            133     -163334.949
          133.2      -163456.71
          133.4      -163632.02
          133.6     -163575.896
          133.8     -163538.834
            134     -163769.269
          134.2     -163783.591
          134.4     -163798.802
          134.6      -163876.35
          134.8     -163789.256
            135     -163628.081
          135.2     -163668.959
          135.4     -163661.795
          135.6     -164303.219
          135.8     -164524.993
            136     -164460.442
          136.2     -164678.387
          136.4     -164516.906
          136.6     -164248.696
          136.8     -163788.444
            137      -163415.35
          137.2     -163218.473
          137.4     -163355.375
          137.6     -163815.278
          137.8     -163615.049
            138     -163530.852
          138.2     -164097.243
          138.4     -164141.649
          138.6     -163989.782
          138.8     -163998.609
            139     -163914.952
          139.2     -164018.448
          139.4     -163814.702
          139.6       -163765.3
          139.8     -163631.518
