#          time            dhdl
              0      3.45934946
              1      5.39159862
              2     -11.5746532
              3      1.04498343
              4     -7.54295917
              5     -4.46254967
              6     -2.89995171
              7      0.37265818
              8     -14.7183439
              9     -6.73685573
             10      11.9068622
             11     -3.70698627
             12      3.79378083
             13     -1.04364196
             14     -39.9983961
             15     -8.28740922
             16      4.01438868
             17      11.2410274
             18     -11.0982742
             19      14.9158218
             20     -1.92539983
             21     -9.98868581
             22      -8.3986643
             23      7.95838562
             24     -4.57688533
             25     -4.60806596
             26     -4.99352467
             27       2.7902175
             28    0.0130505264
             29       6.5269778
             30     -21.1404429
             31      2.75364978
             32      5.19913317
             33     -19.0436463
             34     -21.2260066
             35      1.11501436
             36      24.9205172
             37     -18.2944857
             38     -8.99498811
             39     -11.3944772
             40     -8.51864644
             41        14.23442
             42      4.25639568
             43     -6.90520136
             44      12.7967793
             45     -30.8380203
             46      30.2424263
             47      3.16899468
             48     -4.12067429
             49     -12.1231937
             50      6.85968636
             51      1.11170643
             52       5.0185903
             53     -10.8406565
             54     -1.56381443
             55     -3.70517298
             56     -9.84534746
             57     -28.1398883
             58     0.702193369
             59      2.25349456
             60      14.0671974
             61    -0.908215076
             62    -0.941622009
             63     -5.93096156
             64      3.27859594
             65     -25.9775641
             66     -9.93991286
             67      18.0700405
             68     -16.7395726
             69     -33.2509127
             70      3.50832995
             71     -25.3116119
             72      8.21222834
             73     -9.56842966
             74     -6.36581557
             75     -13.3924105
             76       7.5457471
             77     -10.5810265
             78      10.7345258
             79      18.2627258
             80      6.13198133
             81      7.32275637
             82      21.5794608
             83     -16.3443324
             84      3.20854744
             85      7.09741012
             86      19.0139991
             87     -3.12572069
             88     -25.7822346
             89      20.8861994
             90     -27.0705518
             91     -7.87078186
             92      3.82554365
             93     -3.94388489
             94      8.67329552
             95     -13.0158227
             96      11.5818376
             97     -8.89971697
             98     -10.4089002
             99      8.74320612
            100     -11.1738235
            101     -7.43880487
            102     -14.5182322
            103     -19.4881956
            104      1.76439303
            105      11.3742977
            106     0.583871393
            107    -0.889669086
            108     -17.2079591
            109     0.515268342
            110      26.4339719
            111     -3.22600795
            112     -8.52047927
            113      11.0954255
            114      5.94565538
            115      -2.4757825
            116      2.41036699
            117      24.7846736
            118     -11.5274617
            119      -8.6481103
            120     -19.4513215
            121     -30.5247899
            122      10.8875388
            123      4.36094092
            124     -27.3009328
            125      28.4320547
            126      11.0624601
            127      2.61136118
            128      25.3686612
            129     -5.43075323
            130     -10.7517295
            131     -37.2539665
            132     -19.1210791
            133      6.67547408
            134      14.1414982
            135      9.99612302
            136     -16.2402177
            137      4.28138507
            138     -6.65120345
            139      21.0149808
            140      -29.837092
            141     -5.68555903
            142        17.55358
            143     -5.60325251
            144      4.38548664
            145     -48.5341057
            146      27.1822626
            147       5.6832889
            148     -5.54504649
            149      -5.9171421
            150     -33.6629158
            151     -1.09064801
            152     -18.7278536
            153     -27.0474455
            154     -4.31451656
            155      26.8080847
            156     -3.70604432
            157      2.41241675
            158     -1.11825243
            159      -11.684183
            160      2.58062363
            161     -88.0128658
            162      2.90507817
            163      9.15126708
            164     -5.55731986
            165     -3.79979001
            166      16.1941644
            167     -38.4859831
            168      9.95087367
            169      14.3750878
            170     -14.7897243
            171     -5.88831642
            172     -20.0948687
            173      10.5064737
            174     -1.23142437
            175     -11.1608635
            176      10.6528477
            177       6.9203946
            178      15.5235935
            179     -17.8199091
            180     -26.2580365
            181    -0.026527303
            182     -15.0438737
            183     -20.7409114
            184     -9.89620621
            185      21.3106312
            186      20.7263843
            187     -5.30122698
            188     -5.36908401
            189      12.9906054
            190     -14.7838376
            191      -18.972184
            192      14.9778197
            193      2.31286625
            194       -22.67775
            195     -1.84914507
            196     -20.5815301
            197     -18.9128856
            198      5.01838625
            199      -23.025982
            200      14.9213008
            201     -16.5394805
            202     -22.9545772
            203     -7.19405139
            204      -18.684109
            205      1.47665651
            206     -4.18967728
            207      9.83127028
            208      -20.531173
            209     -13.4302421
            210      1.60453585
            211     -10.4678639
            212     0.727355728
            213      15.4578996
            214     -37.8869854
            215      26.6944037
            216     -27.8428917
            217      20.2794382
            218      7.54370382
            219     -30.0942535
            220       31.573022
            221     -8.66765073
            222     -10.1851167
            223      2.84503773
            224     -11.1311315
            225     -7.77502439
            226      10.0656717
            227      9.88553022
            228        13.96376
            229      9.16773469
            230     -28.5068452
            231      24.9027592
            232     -13.3930761
            233      23.6277761
            234     -15.2468835
            235     -19.8112584
            236      17.3135177
            237     -13.9563437
            238      -32.975526
            239      10.9136213
            240     -41.3477025
            241      8.47417345
            242      12.5994479
            243      14.8147606
            244      -15.941315
            245     -9.05501057
            246     -2.18385869
            247     -4.72781493
            248     -2.55204005
            249      2.55509722
            250     -36.9439886
            251       8.1794005
            252     -19.5194535
            253     -7.86177808
            254     -3.82341002
            255      2.92657397
            256      23.9149371
            257      9.12522566
            258     -15.2298222
            259      12.6440558
            260  -0.00809100268
            261     -32.1202469
            262      11.7057709
            263      12.7879188
            264     -20.8321703
            265      13.4387188
            266       -16.99479
            267      8.43110064
            268     -40.8854265
            269      5.78869626
            270         16.1036
            271     -12.4225221
            272     -35.8929597
            273     -8.57898835
            274      13.2735947
            275      28.5912449
            276   -0.0638401609
            277   -0.0220063664
            278      15.0368472
            279     -28.4886433
            280     -9.83124061
            281     -14.2210381
            282     -20.7858393
            283      5.33446688
            284     -6.95449634
            285     -5.89260084
            286      32.7807217
            287      40.3286052
            288      8.65514101
            289     0.506014735
            290     -43.2931593
            291     -15.8025047
            292     -12.7905756
            293      3.26790089
            294      2.02753566
            295     -16.1418604
            296     -16.0602006
            297       -8.274408
            298     -11.1676277
            299      11.4049899
            300   -0.0358132858
            301      18.7886839
            302      6.21400315
            303     -1.20576252
            304      15.9328558
            305     -13.4813595
            306     -1.25111556
            307     -15.1585301
            308      -35.013286
            309      8.14379743
            310      45.4657369
            311     -17.1363398
            312      30.1243956
            313     -4.43565967
            314     -23.4803714
            315      -27.763651
            316      9.60905774
            317      -21.850302
            318     -9.04937307
            319      4.58157447
            320     -2.19828901
            321     -17.1791989
            322     -16.8166203
            323     -15.5216659
            324        5.085974
            325     -7.76134813
            326     -5.63052165
            327       3.3582151
            328     -24.3465607
            329     -20.6642551
            330      4.58566384
            331     -28.2219888
            332     -3.20219845
            333      24.4554527
            334      14.7312673
            335      5.45708882
            336      5.78185618
            337     -25.7400135
            338      1.89772059
            339     -15.0291886
            340      23.2033703
            341     -18.3720114
            342     -26.6360935
            343     -11.3661397
            344      14.7091527
            345    -0.198164526
            346    -0.224114277
            347      -34.298429
            348      17.4124893
            349      16.3078262
            350      16.3278135
            351      3.28794342
            352     -32.9899072
            353      7.79547471
            354      8.40939126
            355      14.5610715
            356     -4.05033405
            357      4.48263525
            358      15.8917178
            359     -36.7482541
            360     -17.7590742
            361     -1.99817424
            362      -0.4519029
            363     0.192465259
            364      16.7056964
            365     -28.2942846
            366      5.39199041
            367      1.10161567
            368       5.6739822
            369      5.19810964
            370      24.2852148
            371     -46.6993304
            372      41.4029918
            373     -7.85629458
            374     -27.2144599
            375     -15.9801995
            376      9.52751971
            377     -41.3993671
            378      5.02284558
            379     -23.0375994
            380      20.2919755
            381      8.94243985
            382     -21.3931734
            383      6.47679496
            384     -3.34396475
            385      -27.886717
            386      15.8641953
            387      6.52040715
            388    -0.150376943
            389     -8.86561406
            390      0.24517566
            391     -7.71575842
            392      13.2262287
            393      2.04197173
            394      23.3833512
            395      6.37173089
            396      10.7527625
            397     -10.4267888
            398     -14.5348236
            399      18.4352209
            400      8.11482118
            401      6.04270454
            402     0.344441165
            403     -8.13617821
            404     -6.99682245
            405     -34.2067574
            406      4.34792106
            407      12.7126171
            408      4.80087698
            409      37.0634455
            410      -2.8693316
            411      12.2678975
            412      14.9389797
            413     -15.7742044
            414      11.4390479
            415     -20.1338394
            416       8.9733445
            417      24.5862195
            418      21.4611696
            419      2.09164029
            420     0.217805603
            421      -1.5281528
            422      1.30190233
            423     -5.92463411
            424     -10.2050542
            425     -16.8059272
            426     0.588058591
            427      18.5476585
            428      6.17652083
            429     -1.50483106
            430      2.11039531
            431     -17.8180847
            432      13.3685509
            433       9.2458286
            434     -10.8504071
            435      11.1293603
            436     -8.18215593
            437     -8.02459196
            438      3.17939779
            439     -31.1077333
            440     -12.2401986
            441     -23.9593976
            442     -2.87895039
            443      15.5402598
            444     -8.42316216
            445      22.2912742
            446      1.42421003
            447      27.0026462
            448      34.0123979
            449     -21.9819564
            450     -9.29875854
            451     -6.72032224
            452     -8.87098701
            453      13.2004656
            454     -5.15973278
            455      2.59480784
            456     -19.2106891
            457     -4.64427186
            458      14.3461554
            459      11.9155411
            460      22.2296073
            461       26.148685
            462     -12.2374413
            463     -6.72661797
            464     -11.7066445
            465     -38.3706776
            466      10.3458775
            467     -7.00722462
            468     -7.71187444
            469      10.3673602
            470     -18.2469158
            471     -10.1964586
            472      30.6035981
            473      -16.916609
            474     -14.5278857
            475      36.9876298
            476      2.21141638
            477      6.36037509
            478     -16.5487104
            479     -25.8264834
            480     -19.2552687
            481     -11.0098325
            482      12.6411897
            483     -12.9333084
            484      29.2730311
            485     -14.8025256
            486      15.1643805
            487      3.86295087
            488     -4.49117505
            489     -10.7423282
            490     0.398474293
            491     -29.2492296
            492      22.1140125
            493       -8.395379
            494    -0.605778704
            495     -3.36654121
            496     -4.40377433
            497     -4.76805802
            498      28.3560688
            499     -5.09080125
            500      -30.023772
            501     -10.0701705
            502      38.4147071
            503     -22.6234487
            504     -12.5658424
            505       4.6771482
            506     -22.2048911
            507     -11.8987793
            508     -5.37653203
            509     -10.8285997
            510       -14.73424
            511       17.796244
            512     -24.3389722
            513     -13.0647127
            514     -17.8951172
            515     -8.66287068
            516      2.16485146
            517     -3.37729362
            518     -21.1551914
            519     -46.8260302
            520     -5.34724947
            521     -5.93932055
            522     -7.49298662
            523      10.0566886
            524      23.4259182
            525      1.27558303
            526     -22.3899522
            527      -13.899821
            528     -25.7756124
            529     -12.8212002
            530       9.2245787
            531      -1.6855526
            532      10.7557685
            533      -44.027014
            534     -6.06935592
            535     -12.3005944
            536       2.7352452
            537        16.25576
            538     -3.83785781
            539     -4.88625266
            540      16.6092165
            541      28.1905476
            542      15.7815865
            543     -15.0938938
            544     -5.31307623
            545      25.1569771
            546     -23.9188508
            547      15.7647485
            548      8.46961206
            549     -12.0991989
            550      12.4871704
            551      13.4776576
            552      -40.153522
            553      10.8044384
            554    -0.729079414
            555     -2.08665302
            556      2.40278985
            557    -0.326002403
            558     -19.0137534
            559      17.6619526
            560     -16.9748278
            561     -29.8453334
            562      11.3449763
            563     -17.5059056
            564      34.2062998
            565     -10.2025992
            566     -25.0711384
            567    -0.760433287
            568      1.13203039
            569     -6.66399275
            570     -3.08255147
            571      8.96476844
            572      16.5065387
            573     -16.1171899
            574       17.350078
            575      2.32698318
            576       7.7547531
            577     -1.14940684
            578       -31.54173
            579      25.8666137
            580     -15.0113785
            581      13.7145601
            582      13.8732057
            583     -8.34882933
            584      35.2550318
            585      -23.893018
            586      6.29444118
            587      4.24299659
            588     -16.5384995
            589       22.813037
            590     -16.5484807
            591      -2.8789415
            592     -14.4650376
            593     -42.2548822
            594      5.41790397
            595      1.49682153
            596    -0.636394271
            597      16.9673278
            598      9.01413167
            599     -6.56135516
            600      12.2754185
            601      11.7191636
            602     -2.28094005
            603     -3.41653086
            604     -6.85439896
            605     -4.16093988
            606     -22.7604487
            607      8.19620632
            608     -2.02750949
            609     -3.98621969
            610      1.67399209
            611     0.036515155
            612     -13.1708189
            613     -7.72395368
            614      22.8775501
            615      1.72895643
            616      7.24757058
            617      11.5574892
            618      35.0518303
            619     -18.5171059
            620     -4.09198218
            621      8.00282669
            622     -31.1333498
            623      6.19681944
            624      7.28878914
            625      8.76606588
            626      25.4913677
            627      15.1736741
            628      10.3990691
            629     -21.1531728
            630     -10.3903344
            631        5.603767
            632      26.1129683
            633      9.85540191
            634      13.8542427
            635     -15.2627609
            636      26.7754085
            637      19.5678292
            638      2.19058187
            639      3.86525609
            640     -26.4791406
            641      13.2804133
            642      4.29270892
            643     -2.77615141
            644     -19.2238588
            645      13.2537789
            646      9.94414813
            647     -5.46837267
            648     -9.36452732
            649       8.6466451
            650      12.9647895
            651      40.9463143
            652      12.9176633
            653      -15.059996
            654      27.3551806
            655     -4.33321428
            656     -5.09112373
            657     -9.82252825
            658     -16.5423156
            659     -27.7274875
            660     -33.5192902
            661     -12.7325633
            662      11.9298976
            663      1.75294235
            664       14.943979
            665        23.17069
            666      16.6800236
            667      20.8177152
            668       4.1175081
            669     -8.20330532
            670      4.97611404
            671     -12.0539143
            672      22.9410899
            673     -4.04284567
            674      17.4758146
            675     -17.4529924
            676     -3.94466684
            677      3.40269455
            678     0.324133477
            679     -19.5606892
            680      24.4936788
            681      20.8339782
            682      14.5520469
            683     -22.0400278
            684     -14.8487519
            685     0.415053663
            686       8.7223814
            687      24.1686664
            688     -17.1948665
            689     -34.3389972
            690     -18.7237087
            691     0.526766922
            692     -17.0097469
            693      -1.4341876
            694     -1.16044454
            695     -14.4084376
            696     -5.64671311
            697     -2.53660376
            698     -19.7223377
            699      11.1572518
            700     -13.5174337
            701      9.69485488
            702     -15.0165199
            703     -5.36851021
            704      12.2764321
            705      -1.2038405
            706      15.8949897
            707     -2.86712862
            708      18.2359834
            709     -22.7811883
            710      4.32931177
            711      21.6844817
            712      -14.904519
            713      7.24727199
            714     -11.3336755
            715     -31.0629717
            716      41.5723685
            717      11.3070898
            718      31.2303581
            719        1.875087
            720      13.0770161
            721     -21.6759656
            722      12.8065845
            723     -12.1838765
            724     -1.78226719
            725      32.4299301
            726     0.152897253
            727      3.70396293
            728      8.18676231
            729      16.8419687
            730     -7.72926369
            731     -64.4142291
            732      8.84394185
            733     -9.99200865
            734     -18.3609253
            735     0.901517849
            736      15.3637789
            737     -19.1487297
            738     -6.88751615
            739      -11.318947
            740     -3.23241734
            741      6.90002072
            742     -17.0122934
            743       14.414149
            744      -37.780863
            745      15.3959268
            746     0.480129251
            747     -10.0923582
            748      2.57974587
            749     -24.8679696
            750      3.35411619
            751      21.0502831
            752      10.3027162
            753     -51.3954002
            754      5.51473728
            755     -7.47041468
            756     -32.7278435
            757      30.4308575
            758     -2.67525541
            759     -34.6416802
            760     -26.2983357
            761      36.6574542
            762      21.0010868
            763     -20.9095564
            764     -17.9050126
            765      4.24256778
            766      23.6175595
            767     -3.80484475
            768     -18.7588319
            769      33.3119888
            770     -2.93435867
            771     -20.6439935
            772     -33.4523566
            773      6.01157239
            774     -10.0883897
            775       12.684533
            776     -22.5676241
            777      3.10794589
            778      16.2868604
            779     -17.3624183
            780     -11.1115456
            781      4.71257282
            782      6.09843599
            783     -9.80127265
            784     -30.6041552
            785     -9.21795735
            786     0.261358589
            787     -6.89582311
            788      5.81752424
            789     -8.21103235
            790     -7.27232333
            791      12.7794752
            792     -11.0693335
            793     -7.26668583
            794     -6.13771503
            795     -25.3346855
            796      39.2335414
            797       31.001143
            798      9.85599263
            799       12.039746
            800      32.4532707
            801     -20.8254672
            802      -34.323704
            803     -7.58610547
            804     -24.4912421
            805     -10.4690008
            806      27.2140474
            807      9.07803804
            808     -8.43702064
            809       7.5281633
            810     -10.3736807
            811      -6.2238192
            812     -38.6999925
            813     -5.36231314
            814      -22.921263
            815      10.9006965
            816      8.81315448
            817     -9.75176827
            818      9.44930859
            819      27.7770658
            820      19.4431724
            821     -8.35527634
            822     -9.61859777
            823     -28.1648035
            824   -0.0896102202
            825     -11.2919443
            826      7.58400538
            827     -12.3152862
            828      7.80598099
            829      4.39093576
            830      -19.804832
            831      20.4087488
            832     -12.1944273
            833      20.9375604
            834      7.37187135
            835      16.9536835
            836      17.4674438
            837     -11.4156888
            838     -4.72459682
            839     -1.14099553
            840      6.86472831
            841       20.819761
            842     -4.85002704
            843     -9.46967597
            844     -6.61370412
            845      11.6006487
            846       13.445291
            847      2.58363926
            848     -30.0750752
            849      12.2528563
            850       4.8261947
            851     -3.44253257
            852      14.6749282
            853    -0.491630276
            854     -20.0209259
            855     -19.7884926
            856     -4.43014206
            857     -19.1439871
            858      19.2327468
            859       2.8927174
            860      11.8883646
            861      13.0735876
            862      5.49807852
            863     -18.2276164
            864      7.06940666
            865     -1.38343692
            866     -22.0453195
            867     -9.00003409
            868      11.9938188
            869     -3.81307743
            870     -28.5257865
            871       20.920203
            872     -28.3929422
            873     -7.00640148
            874      25.4778697
            875       3.8107789
            876      6.98197518
            877     -18.4282655
            878     -8.41711749
            879      13.7526937
            880     -10.1148268
            881      18.0276954
            882      21.2670886
            883     -13.1676445
            884      11.7149615
            885       10.552238
            886      9.66028177
            887      7.87255362
            888      3.62246161
            889      4.25095757
            890     -9.31797409
            891      9.17179856
            892     -24.0035825
            893     -10.9322764
            894      5.94540648
            895      12.2115634
            896     -12.1026142
            897     -3.68588464
            898      6.38335515
            899      16.1834578
            900      8.82742565
            901     -21.7743102
            902      8.25928135
            903     -3.82071761
            904      2.80727835
            905      -17.173001
            906      15.1230336
            907     -1.86588726
            908      4.21918728
            909     -15.1006311
            910     -10.2359855
            911       7.9394114
            912     -31.5888737
            913     -10.5396611
            914      11.9383125
            915      25.1081084
            916       7.4571538
            917       8.1095325
            918      18.4789986
            919     -11.2114642
            920     -12.0359752
            921      5.79212761
            922    -0.405560749
            923     -10.0495224
            924     -28.5813518
            925      16.5356342
            926     -2.33644127
            927      -10.663619
            928     -30.2302039
            929      4.31684686
            930      10.3175934
            931      2.61512458
            932     -17.7944829
            933     -15.9298695
            934      1.08159144
            935      14.4180011
            936     -30.0964045
            937     -23.7317709
            938      24.0959776
            939       6.4365652
            940      27.0619518
            941     0.395667652
            942     -15.1358777
            943     0.724382286
            944      8.20858863
            945     -26.2533775
            946      4.13628157
            947      2.37997049
            948      5.67820857
            949      21.6155962
            950     -3.52272331
            951     -0.55351876
            952      5.60254835
            953      5.97069294
            954     0.616393132
            955     -1.92330484
            956      1.95662576
            957     -35.0645702
            958     -8.19427443
            959      17.2531413
            960      23.5144362
            961     -35.3195239
            962      9.24008641
            963      -3.4901431
            964      12.0029713
            965     -36.8825127
            966      -27.788108
            967      24.6468291
            968     -2.50323321
            969      4.75227394
            970     -19.2136104
            971     -22.7764858
            972     -6.35596512
            973      13.8345671
            974     -11.9588587
            975      -4.6392133
            976      -10.467879
            977     -40.7936005
            978     -11.0659161
            979     -30.0668613
            980      7.46718891
            981     0.116614788
            982      18.2822872
            983      8.27207502
            984     -16.1434299
            985      15.1797238
            986     -10.3471029
            987      14.8280521
            988     -17.3641263
            989    -0.354437946
            990      7.93243155
            991     -11.6165428
            992      5.21381071
            993       6.9739531
            994     -3.05320113
            995     -12.3123608
            996      5.94913203
            997      8.56569493
            998     -20.6823734
            999      -27.915505
