1 -0.099
2 -0.217
3 -0.024
4 -0.216
5 0.102
6 -0.006
7 -0.158
8 -0.083
9 0.008
10 -0.003
11 -0.146
12 0.022
13 -0.057
14 0.023
15 -0.055
16 0.001
17 -0.014
18 -0.101
19 -0.060
20 -0.059
21 0.000
22 -0.003
23 -0.104
24 0.021
25 -0.001
26 -0.050
27 0.001
28 -0.062
29 -0.066
30 0.001
31 -0.035
32 0.004
33 -0.100
34 0.021
35 -0.052
36 -0.001
37 -0.146
38 -0.055
39 -0.066
40 -0.080
41 -0.004
42 -0.100
43 0.296
44 -0.005
45 -0.059
46 -0.002
47 -0.120
48 0.235
49 0.108
50 0.020
51 -0.118
52 -0.131
53 -0.055
54 0.193
55 -0.271
56 -0.161
57 0.309
58 0.257
59 0.422
60 -0.001
61 -0.115
62 -0.143
63 -0.041
64 -0.109
65 0.031
66 -0.070
67 -0.117
68 -0.101
69 -0.215
70 -0.103
71 -0.099
72 -0.070
73 -0.037
74 -0.057
75 -0.078
76 -0.194
77 -0.121
78 -0.220
79 -0.282
80 0.142
81 -0.125
82 -0.086
83 -0.140
84 0.039
85 -0.308
86 -0.236
87 -0.176
88 -0.100
89 -0.071
90 -0.253
91 -0.334
92 -0.284
93 -0.141
94 -0.055
95 -0.077
96 -0.078
97 -0.293
98 0.170
99 -0.285
100 -0.332
101 -0.360
102 -0.026
103 -0.136
104 -0.362
105 -0.027
106 -0.117
107 -0.030
108 -0.171
109 -0.265
110 -0.080
111 -0.040
112 -0.086
113 -0.034
114 -0.049
115 -0.045
116 -0.123
117 -0.197
118 -0.163
119 -0.095
120 0.371
121 0.325
122 -0.348
123 -0.243
124 -0.353
125 -0.353
126 -0.233
127 -0.282
128 -0.284
129 -0.309
130 -0.340
131 -0.340
132 -0.107
133 -0.196
134 -0.046
135 0.215
136 0.167
137 0.088
138 0.054
139 0.233
140 0.174
141 -0.232
142 0.170
143 -0.377
144 0.199
145 -0.131
146 0.274
147 -0.300
148 0.109
149 0.039
150 0.010
151 -0.132
152 -0.114
153 -0.099
154 -0.081
155 -0.053
156 0.035
157 0.044
158 -0.013
159 0.044
160 -0.160
161 0.086
162 -0.105
163 -0.017
164 -0.081
165 -0.115
166 -0.048
167 -0.079
168 -0.131
169 -0.022
170 -0.101
171 0.334
172 -0.139
173 0.048
174 0.045
175 -0.267
176 -0.098
177 -0.126
178 -0.160
179 -0.292
