1 -0.075
2 -0.226
3 -0.007
4 -0.231
5 0.020
6 -0.003
7 -0.135
8 -0.069
9 -0.025
10 -0.024
11 -0.108
12 0.006
13 -0.078
14 0.004
15 -0.055
16 0.001
17 0.008
18 -0.128
19 -0.052
20 -0.063
21 -0.003
22 -0.030
23 -0.101
24 0.000
25 0.000
26 -0.063
27 0.002
28 -0.061
29 -0.075
30 -0.005
31 -0.060
32 0.004
33 -0.060
34 -0.006
35 -0.075
36 -0.005
37 -0.159
38 -0.091
39 -0.094
40 -0.093
41 -0.012
42 -0.143
43 -0.079
44 0.007
45 -0.052
46 -0.044
47 -0.155
48 -0.229
49 -0.023
50 -0.018
51 -0.028
52 -0.154
53 -0.129
54 -0.146
55 -0.157
56 -0.150
57 0.001
58 -0.055
59 -0.173
60 -0.046
61 -0.087
62 -0.279
63 -0.030
64 -0.077
65 0.020
66 -0.127
67 -0.075
68 -0.124
69 -0.217
70 -0.076
71 -0.174
72 -0.101
73 -0.095
74 -0.069
75 -0.012
76 -0.214
77 -0.127
78 -0.269
79 -0.296
80 0.044
81 -0.100
82 -0.155
83 -0.133
84 0.017
85 -0.349
86 -0.149
87 -0.198
88 -0.111
89 -0.097
90 -0.254
91 -0.290
92 -0.257
93 -0.153
94 -0.138
95 -0.132
96 -0.099
97 -0.265
98 0.010
99 -0.247
100 -0.357
101 -0.356
102 -0.002
103 -0.137
104 -0.355
105 -0.052
106 -0.106
107 -0.003
108 -0.196
109 -0.280
110 -0.078
111 -0.015
112 -0.105
113 -0.013
114 -0.067
115 -0.040
116 -0.131
117 -0.206
118 -0.233
119 -0.108
120 -0.119
121 -0.116
122 -0.203
123 -0.068
124 -0.354
125 -0.354
126 -0.183
127 -0.226
128 -0.271
129 -0.291
130 -0.342
131 -0.347
132 -0.243
133 -0.305
134 -0.021
135 -0.215
136 -0.196
137 -0.114
138 -0.086
139 0.020
140 -0.024
141 -0.208
142 -0.346
143 -0.173
144 -0.336
145 -0.142
146 -0.151
147 -0.174
148 -0.032
149 -0.078
150 -0.083
151 -0.094
152 -0.220
153 -0.198
154 -0.044
155 -0.095
156 -0.050
157 -0.095
158 -0.106
159 -0.137
160 -0.084
161 -0.158
162 -0.174
163 -0.073
164 -0.180
165 -0.087
166 -0.032
167 -0.115
168 -0.136
169 -0.120
170 -0.113
171 -0.210
172 -0.016
173 -0.073
174 -0.086
175 -0.225
176 -0.031
177 -0.022
178 -0.084
179 -0.287
