1 -0.075
2 -0.230
3 -0.004
4 -0.225
5 0.058
6 -0.002
7 -0.134
8 -0.097
9 -0.025
10 -0.013
11 -0.099
12 0.005
13 -0.076
14 0.011
15 -0.046
16 0.001
17 0.013
18 -0.129
19 -0.054
20 -0.063
21 -0.003
22 -0.024
23 -0.099
24 0.003
25 -0.001
26 -0.064
27 0.000
28 -0.059
29 -0.067
30 -0.001
31 -0.052
32 0.027
33 -0.115
34 0.010
35 -0.061
36 -0.002
37 -0.186
38 -0.052
39 -0.082
40 -0.084
41 -0.001
42 -0.171
43 0.111
44 0.020
45 -0.072
46 -0.010
47 -0.093
48 -0.004
49 -0.011
50 -0.009
51 -0.017
52 -0.209
53 -0.041
54 0.114
55 -0.152
56 -0.289
57 -0.106
58 -0.021
59 0.003
60 -0.052
61 -0.126
62 -0.247
63 -0.015
64 -0.083
65 0.028
66 -0.119
67 -0.058
68 -0.071
69 -0.197
70 -0.077
71 -0.093
72 -0.080
73 -0.130
74 -0.082
75 0.005
76 -0.185
77 -0.083
78 -0.322
79 -0.213
80 0.075
81 -0.075
82 -0.166
83 -0.132
84 0.042
85 -0.349
86 -0.179
87 -0.215
88 -0.084
89 -0.089
90 -0.253
91 -0.289
92 -0.231
93 -0.153
94 -0.086
95 -0.083
96 -0.094
97 -0.286
98 0.043
99 -0.257
100 -0.365
101 -0.360
102 0.024
103 -0.139
104 -0.346
105 -0.051
106 -0.109
107 -0.004
108 -0.169
109 -0.280
110 -0.081
111 -0.022
112 -0.107
113 -0.008
114 -0.063
115 -0.009
116 -0.131
117 -0.152
118 -0.294
119 -0.097
120 -0.080
121 0.054
122 -0.271
123 -0.229
124 -0.354
125 -0.354
126 -0.191
127 -0.265
128 -0.213
129 -0.191
130 -0.344
131 -0.344
132 -0.269
133 -0.384
134 -0.036
135 -0.225
136 -0.009
137 0.047
138 0.025
139 0.121
140 0.123
141 -0.346
142 -0.096
143 0.005
144 -0.180
145 0.002
146 -0.035
147 0.033
148 0.008
149 -0.060
150 -0.117
151 -0.058
152 -0.206
153 -0.238
154 -0.033
155 -0.112
156 0.010
157 -0.177
158 -0.076
159 -0.085
160 -0.031
161 -0.050
162 -0.117
163 -0.090
164 -0.166
165 -0.126
166 -0.052
167 -0.169
168 0.015
169 0.023
170 -0.017
171 -0.098
172 0.077
173 0.018
174 -0.091
175 -0.208
176 -0.005
177 0.052
178 -0.031
179 -0.258
