#          time    nonbsolusolv
              0      25.1187041
              2      23.9357618
              4      31.3932679
              6      20.8347042
              8      20.7089106
             10      24.4320615
             12      27.0249605
             14      22.6397433
             16      25.9096873
             18       27.596145
             20      30.8017435
             22        30.23194
             24      25.6117116
             26      27.1850229
             28      28.2804335
             30      30.6050555
             32      30.9658747
             34      21.1743586
             36      22.8701794
             38      24.6623051
             40      25.6135968
             42      26.5625021
             44      29.8513864
             46      30.3992628
             48      31.8693334
             50      26.7937627
             52      31.2142936
             54      22.7155919
             56       29.869961
             58      29.1684277
             60       30.750382
             62      33.9308956
             64      30.9724986
             66      31.4784369
             68      25.7090316
             70      26.7525931
             72      23.5228777
             74      25.0872394
             76        19.21701
             78      27.9227349
             80      21.3293862
             82      24.4682582
             84      22.3269149
             86      21.5015093
             88      23.3501929
             90       24.462447
             92      20.3307283
             94        21.27149
             96      19.9391686
             98      22.7536064
            100      21.5043319
            102      26.6460524
            104      29.5409774
            106      26.5036697
            108      25.9788503
            110      29.2484008
            112      25.9982381
            114      25.5831553
            116      34.5107673
            118      26.6590342
            120      20.8927888
            122      27.2636999
            124      28.3032092
            126      22.7696257
            128      27.0475124
            130      26.1578337
            132      18.9260291
            134      22.8692708
            136      27.8661485
            138      25.7323396
            140       18.832026
            142      26.5190548
            144      22.2394759
            146      22.4049188
            148      21.4486803
            150      23.8939504
            152      24.5798871
            154      22.6221202
            156      27.7994609
            158      26.8383999
            160      24.6721833
            162      23.2191749
            164      25.5984462
            166      21.6661234
            168      33.1423258
            170      34.6971215
            172      27.1938246
            174      23.6726881
            176      22.9785182
            178      19.9388492
            180      31.9672319
            182      33.3775394
            184      27.0844796
            186      20.3640549
            188      20.7529439
            190      25.0953787
            192      21.4566085
            194      25.8731079
            196      20.9764335
            198       24.135593
            200      25.5632826
            202      20.9302811
            204      25.5002263
            206      20.2051778
            208      20.1824371
            210       27.116703
            212      31.0996396
            214      35.9127343
            216      27.9503079
            218      27.6848541
            220      22.1445967
            222      24.6170907
            224      23.7582107
            226      25.8138979
            228      21.6331377
            230      19.0526559
            232      23.9605736
            234       18.237067
            236      29.7537867
            238       25.986094
            240       23.788061
            242         19.5874
            244      20.0857324
            246       30.692312
            248      36.0223997
            250      23.4633599
            252       26.128214
            254      23.3417419
            256      30.5502769
            258      20.4331411
            260      18.2595123
            262      24.4380379
            264      27.5760388
            266      24.8116673
            268      25.4398981
            270       25.598531
            272       31.256532
            274      27.4396328
            276      30.9249228
            278      24.3833194
            280      20.4466057
            282      25.9462358
            284      28.2320602
            286      26.7524498
            288       30.588085
            290       22.683862
            292      22.5232803
            294      22.4514033
            296       18.158696
            298      19.6784592
            300      27.8237765
            302       28.404115
            304      23.6531579
            306      30.3535424
            308      19.3200097
            310      17.8574357
            312      22.0716611
            314      28.3898118
            316      23.5164202
            318      21.5928736
            320      25.0629287
            322      30.2838199
            324      18.6529995
            326      31.1648986
            328      27.0699822
            330      26.8724245
            332      35.2802899
            334      35.2783934
            336      27.2793868
            338      23.9045202
            340       24.446526
            342      28.4870656
            344      30.2357879
            346      32.7576922
            348      28.8086349
            350      30.3047163
            352       43.937461
            354      30.7337562
            356       22.874845
            358      32.3915019
            360      26.8555621
            362      33.0930603
            364      30.9864751
            366      30.4794772
            368      34.9091079
            370      33.6959344
            372      36.7471715
            374      30.8755576
            376      30.4706156
            378       35.653256
            380      26.3476034
            382      27.6837618
            384      35.6314735
            386      24.7089703
            388      20.6975405
            390      20.1454512
            392      24.8800858
            394      23.3408304
            396       30.070561
            398      23.8478376
            400      30.4004145
            402      25.5480826
            404      23.6114798
            406      25.0244676
            408      24.3257781
            410      25.6181057
            412      19.2889627
            414      23.2932127
            416      24.7925561
            418      25.9233103
            420      27.7831436
            422      24.0988055
            424      26.1423637
            426      21.5248475
            428      21.8894306
            430      30.7587306
            432      32.1732683
            434      23.2224832
            436      22.1621205
            438      31.2280118
            440      24.4043569
            442       22.592568
            444      30.4135684
            446      20.5173495
            448      25.0789762
            450      30.3694425
            452      21.6403565
            454      24.1482848
            456       17.567907
            458      22.4987225
            460      30.9597968
            462      28.2635232
            464      28.7189052
            466      31.5860304
            468      30.8215502
            470      29.5655322
            472      25.6780618
            474      25.9984138
            476      26.9425478
            478      26.5622758
            480      28.8901485
            482      35.1675846
            484      29.5390702
            486       29.781909
            488      29.1295902
            490      23.7752172
            492      32.8738283
            494      27.7326965
            496      28.5990522
            498      27.7853425
            500      28.9386926
            502      31.2255407
            504      24.1810217
            506      31.9060109
            508      28.2123118
            510      26.7386001
            512      30.3409065
            514      32.7460788
            516      31.8232822
            518      33.4491467
            520      25.4563521
            522       25.682287
            524      35.8482743
            526       32.486502
            528      33.2876769
            530      27.1061449
            532      25.1574407
            534      29.6512148
            536      27.0941836
            538      27.1410914
            540      25.0842497
            542      23.7093974
            544      26.1859304
            546      29.1248872
            548      31.7247381
            550      30.0023259
            552      33.7261621
            554      35.5438555
            556      25.2782303
            558      23.8164254
            560      30.3462891
            562      25.6820958
            564      27.6290562
            566      26.3370108
            568      30.4251135
            570      39.0402494
            572      30.1635951
            574      30.9112353
            576      34.5398573
            578      24.2563701
            580      25.4202891
            582      33.3288701
            584      29.3226534
            586      28.8276005
            588      28.6397902
            590      27.2867542
            592      29.1400612
            594      24.6976996
            596      30.7421329
            598      27.9503991
            600      22.0644172
            602      34.1073483
            604      21.1278648
            606      21.9819403
            608      27.2287487
            610      22.3735075
            612      31.2522541
            614      29.8487034
            616      26.4576776
            618      25.4592566
            620      22.3636022
            622      25.0784178
            624      22.5093176
            626      23.4171385
            628      21.0791958
            630      38.2593007
            632      28.4665337
            634      33.7032137
            636      30.4279096
            638      23.5400072
            640      31.1158404
            642      22.8925997
            644      35.9829857
            646      26.9610723
            648      26.4413459
            650      22.6660554
            652      21.1916159
            654       26.327971
            656      27.6739737
            658      26.6244067
            660      27.3360056
            662       28.588883
            664      19.2613619
            666      33.0191882
            668      27.5957343
            670      27.2501877
            672      21.0233858
            674      29.1858324
            676      31.1396191
            678       32.216192
            680      34.6204597
            682      30.9409262
            684      29.0256059
            686      24.6140725
            688      27.5307739
            690      28.4519605
            692      30.6382762
            694      28.0101805
            696      27.6995098
            698      32.0354373
            700      31.9785757
            702       25.836216
            704      29.5656414
            706      31.6995776
            708      31.4691422
            710      27.5200792
            712      28.6620161
            714      20.8370459
            716      36.8739967
            718      25.1224235
            720       31.663702
            722      31.5437304
            724      28.6287406
            726      26.8268409
            728      26.3268555
            730      28.7254452
            732      27.2177489
            734      33.5274029
            736      32.4677484
            738      31.8443578
            740      36.6658516
            742      29.9452302
            744      26.0844182
            746      30.8357568
            748      25.4465952
            750       21.498498
            752      27.2934171
            754      26.9418683
            756      25.6441437
            758      26.2511777
            760      27.6671658
            762       28.470587
            764      23.5142253
            766      28.6677323
            768      21.6675117
            770      22.2829046
            772      29.5860035
            774      26.6622961
            776      25.6104325
            778      18.0839629
            780      28.9128365
            782      24.8222111
            784      21.4610833
            786      16.1748116
            788      20.0918248
            790      20.3649476
            792      29.5116132
            794      23.1335564
            796       23.033443
            798      28.5861298
            800      28.6546061
            802      28.0414076
            804      22.9479368
            806      22.4681642
            808      20.8144939
            810      24.5204737
            812      26.9117868
            814       31.981089
            816      23.0513741
            818      24.8667103
            820      22.8106052
            822      29.2075721
            824      16.7779968
            826      23.5751752
            828      19.8781329
            830      25.5894531
            832       24.458291
            834      21.6290582
            836      30.3010634
            838      29.0593029
            840      29.5556104
            842      31.0271348
            844      34.1883621
            846       34.786902
            848        40.02024
            850      28.7074378
            852      21.1312431
            854      34.6060991
            856      34.9188286
            858      24.3740884
            860      31.7915187
            862      25.8131467
            864      15.2555262
            866      27.5144357
            868       25.514087
            870      24.2035733
            872      21.3269216
            874      26.8171264
            876      22.1069027
            878      20.9510381
            880      19.4535554
            882      21.1086907
            884      29.4647792
            886      23.0871252
            888      25.3367022
            890      26.5073897
            892      26.4447869
            894      18.1279459
            896      25.9717537
            898      24.8085207
            900      31.6492642
            902      28.9199485
            904      32.7815925
            906      20.6423242
            908      27.4084975
            910      31.5156873
            912      24.8316395
            914      22.4718747
            916      32.5503872
            918      25.9088353
            920      28.2823013
            922      20.4419897
            924      27.6945022
            926      28.0876992
            928       30.579175
            930      23.5538116
            932      35.1777514
            934      21.8043944
            936      26.9579048
            938      28.4382034
            940      23.5663336
            942      26.1341352
            944      20.4875329
            946      23.0886061
            948      24.7916833
            950      21.1546662
            952      26.6940139
            954      25.5347845
            956      25.0757104
            958      29.7043388
            960      22.5662106
            962      22.0112453
            964      28.8637801
            966      28.9162026
            968      20.8245632
            970       26.948671
            972      18.1379012
            974      19.2533163
            976      26.2305873
            978      20.5578359
            980      26.9361391
            982      28.3668017
            984        27.66807
            986      36.4953611
            988      36.7575265
            990      35.0503619
            992      27.5812498
            994      26.4207889
            996      28.2056668
            998      26.0715708
