#          time          totpot
              0     -42430.8502
              2     -42384.2862
              4     -42486.8908
              6     -42714.1544
              8     -42734.3459
             10     -42424.7274
             12     -42774.4878
             14     -42215.1943
             16     -42341.0057
             18     -42468.6845
             20     -42633.0866
             22     -42636.5976
             24     -42580.1428
             26     -42578.6447
             28     -42394.1845
             30     -42299.0117
             32     -42622.0422
             34     -42496.2422
             36     -42536.9769
             38     -42331.5032
             40     -42807.1794
             42     -42669.1241
             44     -42581.0132
             46     -42427.1792
             48      -42618.865
             50     -42648.5855
             52     -42773.5744
             54     -42353.4224
             56     -42706.6286
             58     -42647.7003
             60     -42707.9936
             62     -42397.1835
             64     -42318.0454
             66     -42463.5292
             68     -42555.8812
             70     -42622.9743
             72     -42569.4576
             74     -42431.9109
             76     -42390.7842
             78     -42779.1215
             80      -42484.171
             82     -42581.2285
             84     -42472.6678
             86     -42665.0312
             88     -42387.3287
             90     -42541.2136
             92     -42621.2502
             94     -42537.8565
             96     -42606.5846
             98     -42563.6549
            100     -42498.1862
            102     -42361.0808
            104     -42401.2011
            106     -42616.1691
            108     -42457.3013
            110     -42337.1297
            112     -42582.3831
            114     -42660.3881
            116     -42362.7016
            118     -42455.3051
            120     -42693.6143
            122     -42403.9544
            124     -42499.7247
            126     -42472.8332
            128     -42787.5139
            130      -42393.969
            132     -42591.3996
            134     -42606.0615
            136     -42451.4668
            138     -42598.1795
            140     -42958.5904
            142     -42842.1799
            144     -42419.6573
            146     -42561.3072
            148     -42588.8531
            150     -42546.6782
            152     -42521.2263
            154     -42710.2912
            156     -42689.0355
            158     -42590.8811
            160     -42394.3745
            162     -42347.3896
            164     -42626.4716
            166     -42494.3377
            168     -42608.2858
            170     -42467.6653
            172     -42291.8944
            174     -42510.5459
            176     -42600.7614
            178     -42615.4314
            180     -42838.4787
            182     -42449.9605
            184       -42614.82
            186     -42356.2679
            188     -42493.4804
            190     -42614.0581
            192     -42225.3023
            194     -42759.8402
            196     -42629.8625
            198     -42707.6617
            200     -42464.4307
            202     -42684.2763
            204     -42646.8153
            206     -42782.8821
            208     -42786.9191
            210     -42748.6673
            212     -42178.6084
            214     -42488.8696
            216     -42429.2239
            218     -42403.2541
            220     -42650.7489
            222     -42515.8375
            224     -42453.9277
            226     -42530.4354
            228     -42324.4809
            230     -42404.7359
            232     -42748.4271
            234     -42802.5994
            236     -42749.2448
            238     -42361.2642
            240     -42475.1448
            242     -42458.3031
            244     -42445.0183
            246     -42407.8217
            248     -42574.4217
            250     -42376.9637
            252      -42394.785
            254     -42444.8264
            256     -42294.7578
            258      -42515.588
            260     -42570.4503
            262     -42318.3312
            264     -42551.8502
            266     -42187.7323
            268      -42560.585
            270     -42617.6582
            272     -42772.5047
            274     -42590.6738
            276     -42188.6176
            278     -42450.0036
            280     -42423.7364
            282     -42561.7826
            284     -42496.7635
            286     -42428.2946
            288     -42697.9447
            290     -42906.6303
            292      -42747.196
            294      -42374.556
            296     -42608.1631
            298     -42638.6484
            300     -42407.5345
            302      -42594.822
            304     -42562.0281
            306     -42621.3002
            308     -42590.0722
            310     -42788.5383
            312     -42447.8589
            314     -42533.1455
            316     -42568.5149
            318     -42535.4893
            320     -42396.2053
            322     -42751.1078
            324     -42610.2217
            326     -42464.5785
            328     -42614.4687
            330     -42367.3878
            332     -42349.4033
            334      -42501.487
            336     -42704.4022
            338     -42405.8453
            340     -42766.7817
            342     -42581.0043
            344     -42572.8703
            346     -42541.4904
            348     -42662.1998
            350     -42676.6389
            352     -42290.3735
            354     -42799.5476
            356     -42507.4704
            358     -42614.8501
            360     -42260.5996
            362     -42521.1543
            364     -42675.6379
            366     -42716.2552
            368     -42457.8817
            370     -42295.4373
            372     -42311.0367
            374     -42608.0693
            376     -42337.5233
            378     -42564.9472
            380     -42548.0338
            382     -42376.7561
            384      -42769.816
            386     -42477.8948
            388     -42428.1681
            390     -42437.1092
            392     -42574.1896
            394      -42776.844
            396     -42477.6957
            398     -42558.0753
            400     -42537.9342
            402     -42251.3968
            404     -42703.0206
            406     -42398.5198
            408     -42573.3381
            410     -42644.1807
            412     -42610.6782
            414     -42755.4918
            416     -42586.8355
            418      -42379.472
            420     -42505.0853
            422     -42483.1633
            424     -42494.6408
            426     -42643.5054
            428     -42572.7286
            430     -42430.2163
            432     -42379.1595
            434     -42806.0145
            436     -42489.5938
            438     -42601.5876
            440     -42668.3751
            442     -42495.3777
            444     -42206.9482
            446     -42544.8784
            448     -42494.2279
            450     -42529.9168
            452     -42373.9774
            454     -42414.2795
            456     -42794.5018
            458     -42526.1657
            460     -42522.5488
            462     -42639.7113
            464     -42341.0037
            466     -42528.0914
            468     -42420.4781
            470     -42463.3161
            472     -42618.0356
            474     -42663.7475
            476     -42401.8385
            478     -42155.5762
            480     -42325.9806
            482     -42459.2118
            484     -42482.4941
            486     -42708.3414
            488      -42683.214
            490     -42571.6101
            492     -42537.5261
            494     -42428.1336
            496     -42640.7751
            498     -42553.6296
            500     -42464.7985
            502      -42778.108
            504     -42346.3578
            506      -42716.605
            508     -42555.4926
            510     -42404.1592
            512     -42612.4021
            514     -42243.2564
            516     -42964.3619
            518     -42292.1005
            520     -42808.1996
            522     -42418.2857
            524     -42449.9212
            526     -42418.3818
            528     -42660.8755
            530      -42422.909
            532     -42784.8336
            534     -42733.5482
            536     -42705.1802
            538     -42743.4074
            540     -42341.7682
            542      -42244.642
            544     -42533.9231
            546     -42475.3367
            548     -42800.0302
            550     -42583.6373
            552     -42500.7829
            554      -42481.816
            556     -42756.6741
            558     -42484.2907
            560     -42621.7329
            562     -42283.7907
            564     -42780.6053
            566     -42502.7542
            568     -42833.7576
            570     -42387.8059
            572     -42383.9576
            574     -42167.3094
            576      -42443.525
            578     -42289.3075
            580     -42410.1559
            582     -42561.7608
            584     -42745.2179
            586     -42635.9469
            588     -42476.8247
            590     -42517.3626
            592     -42560.9564
            594     -42626.4197
            596      -42353.898
            598      -42827.841
            600     -42624.9666
            602      -42420.897
            604     -42738.2692
            606     -42591.8519
            608     -42521.8598
            610     -42467.1034
            612     -42483.7786
            614     -42707.6599
            616     -42580.1935
            618      -42589.423
            620     -42659.0663
            622     -42433.6979
            624      -42440.599
            626     -42492.3108
            628     -42761.5597
            630     -42574.9468
            632     -42483.7796
            634      -42642.361
            636      -42486.248
            638     -42468.8317
            640     -42791.6595
            642     -42418.3772
            644     -42478.6952
            646     -42663.0531
            648     -42432.2139
            650     -42560.2714
            652     -42569.6164
            654     -42530.3551
            656     -42501.4451
            658      -42772.181
            660     -42475.9598
            662     -42570.3394
            664     -42412.5894
            666     -42699.8354
            668     -42544.9899
            670     -42420.9119
            672     -42681.0969
            674     -42564.1182
            676     -42356.8139
            678     -42610.8631
            680     -42478.5995
            682     -42527.8606
            684     -42864.9552
            686     -42688.0526
            688     -42456.8818
            690     -42605.8334
            692     -42350.3414
            694      -42742.421
            696     -42604.2211
            698     -42489.5347
            700     -42331.9762
            702     -42480.4857
            704     -42518.5457
            706     -42402.9745
            708     -42361.3035
            710     -42378.7597
            712     -42660.7345
            714     -42585.3252
            716       -42759.84
            718     -42638.9449
            720     -42707.2474
            722     -42754.0539
            724     -42919.0045
            726     -42596.9156
            728     -42556.1718
            730     -42450.3581
            732     -42755.8645
            734     -42635.8443
            736     -42379.1735
            738     -42427.4857
            740     -42517.0094
            742     -42713.8673
            744     -42615.2221
            746     -42321.3269
            748     -42583.7382
            750     -42575.7165
            752     -42184.4344
            754     -42216.1277
            756     -42542.6576
            758     -42360.9023
            760      -42379.191
            762     -42341.8501
            764     -42423.3572
            766     -42484.8559
            768     -42398.1897
            770     -42457.0704
            772       -42659.24
            774     -42369.2372
            776       -42594.26
            778     -42655.6694
            780     -42484.7338
            782     -42379.8653
            784     -42519.7604
            786     -42549.4632
            788     -42893.8966
            790     -42619.4117
            792     -42445.4276
            794      -42585.948
            796     -42191.7126
            798     -42564.3112
            800     -42560.4673
            802     -42753.0652
            804     -42777.7516
            806      -42535.223
            808     -42451.9704
            810     -42500.2764
            812     -42393.8472
            814     -42426.7276
            816     -42696.3118
            818     -42400.3775
            820     -42442.9921
            822     -42321.8288
            824     -42463.2032
            826      -42541.948
            828      -42429.182
            830     -42401.7445
            832        -42902.2
            834     -42651.9703
            836     -42659.1291
            838     -42601.9091
            840     -42783.5753
            842     -42497.7312
            844     -42606.9471
            846     -42407.8168
            848     -42678.8626
            850      -42571.412
            852     -42321.3021
            854     -42610.5518
            856     -42600.5343
            858     -42413.0268
            860     -41994.6026
            862     -42244.4365
            864     -42366.8627
            866     -42366.2931
            868     -42355.6793
            870     -42312.2929
            872     -42205.2403
            874     -42073.0426
            876     -42187.6675
            878     -42599.7062
            880     -42429.2351
            882     -42616.1868
            884     -42703.9183
            886     -42618.4309
            888     -42628.5242
            890     -42352.0996
            892     -42759.3927
            894     -42576.2557
            896     -42499.9384
            898     -42168.1275
            900     -42611.3388
            902     -42338.3252
            904     -42517.2152
            906     -42303.3093
            908     -42526.0341
            910     -42703.9851
            912     -42781.6769
            914     -42511.5886
            916     -42583.7623
            918     -42552.3204
            920     -42414.5916
            922     -42501.3248
            924     -42676.1466
            926     -42457.8389
            928     -42489.9254
            930     -42630.1714
            932     -42610.2664
            934     -42507.0815
            936     -42657.8312
            938       -42573.13
            940     -42293.7592
            942     -42169.4491
            944     -42361.2247
            946     -42322.2239
            948     -42545.4592
            950     -42685.3509
            952     -42569.6613
            954     -42644.2666
            956     -42632.1208
            958     -42469.1357
            960     -42445.6201
            962     -42289.1587
            964     -42498.2038
            966     -42597.0384
            968     -42526.4213
            970     -42232.0561
            972     -42360.1433
            974     -42447.1778
            976     -42559.4245
            978     -42641.5574
            980     -42396.5471
            982     -42669.2566
            984     -42558.1534
            986     -42522.0286
            988     -42269.3435
            990     -42282.2456
            992     -42549.6847
            994     -42251.5435
            996     -42480.7288
            998     -42589.7104
