#          time          pressu
              0     -140.113657
            0.5      -228.24546
              1     -35.0947229
            1.5     -10.2417493
              2     -63.5987529
            2.5      287.329404
              3     -200.148249
            3.5      150.303661
              4     -97.8320577
            4.5     -8.69164581
              5      210.005298
            5.5      281.519832
              6      -114.86312
            6.5     -65.4939057
              7      -69.503297
            7.5     -78.8050026
              8      91.6079628
            8.5     -2.27170894
              9      171.927183
            9.5      150.587358
             10     -329.404161
           10.5      57.4244176
             11      139.196693
           11.5      92.8520909
             12      123.585516
           12.5     -71.5184311
             13      26.7780692
           13.5       4.3855342
             14      47.7378063
           14.5      215.357768
             15      140.232481
           15.5     -77.8496202
             16     -204.822619
           16.5     -18.8053157
             17       202.27531
           17.5      13.0796491
             18     -170.484624
           18.5     -245.188798
             19     -32.1449866
           19.5     -72.2001909
             20      -101.24677
           20.5      26.9457627
             21       138.99202
           21.5       102.10604
             22     -126.982464
           22.5      202.496176
             23     -85.5013794
           23.5       316.61798
             24       -53.20128
           24.5     -232.093569
             25     -6.73440339
           25.5      49.3913822
             26     -128.671881
           26.5        196.1911
             27     -166.373894
           27.5      32.0248984
             28     -242.978115
           28.5      160.475719
             29       9.2291261
           29.5     -89.2112311
             30       -16.87369
           30.5      91.4256075
             31     -43.0554477
           31.5     -77.5928914
             32       174.13174
           32.5     -199.078261
             33      54.1753263
           33.5      199.862845
             34      -198.03849
           34.5      62.7223982
             35     -137.794683
           35.5     -28.5214247
             36      48.1624153
           36.5      91.0864274
             37     -452.686014
           37.5      109.531578
             38       106.55162
           38.5     -243.179715
             39      295.331178
           39.5      190.855233
             40     -34.4767711
           40.5     0.821408935
             41      116.106825
           41.5      36.4352033
             42      -256.18192
           42.5      120.820026
             43      26.2238061
           43.5     -212.373766
             44     -235.484917
           44.5      44.6666447
             45     -93.5534466
           45.5      157.738246
             46      26.7929199
           46.5       28.368486
             47     -183.810321
           47.5      218.299753
             48      -278.45437
           48.5     -224.256687
             49     -145.281052
           49.5     -37.4595004
             50      59.5026694
           50.5     -46.8597657
             51      208.626577
           51.5      145.516841
             52      127.055432
           52.5      91.2903257
             53     -54.4297862
           53.5     -22.9024064
             54      52.0265181
           54.5     -68.0157821
             55      55.7519489
           55.5     -119.712445
             56      182.022296
           56.5       157.88738
             57      31.2052165
           57.5     -52.6029493
             58     -86.7178453
           58.5     -67.5490532
             59       12.853483
           59.5      128.758422
             60      97.9283936
           60.5     -92.4010796
             61     -67.7016617
           61.5      149.838028
             62      338.462428
           62.5      52.5218046
             63     -29.1396797
           63.5      98.1176267
             64     -6.29881017
           64.5     -140.752263
             65     -170.175997
           65.5      126.587589
             66      -104.20861
           66.5      55.7287816
             67      111.495095
           67.5     -274.651288
             68      67.6010573
           68.5      231.034427
             69      23.0298778
           69.5      39.9223506
             70      75.5248874
           70.5      149.965554
             71     -123.276294
           71.5     -1.50025128
             72     -170.184761
           72.5       164.58386
             73      72.0685284
           73.5       235.39777
             74     -302.148453
           74.5     -43.3538099
             75      61.5480441
           75.5      139.739112
             76      23.2159561
           76.5      32.5949168
             77     -244.582421
           77.5      23.7844053
             78      51.9840438
           78.5      55.3164483
             79     -13.2757702
           79.5     -180.805122
             80      69.0323907
           80.5      110.819007
             81      29.8461143
           81.5       173.13467
             82      126.985838
           82.5     -31.7893198
             83      151.480869
           83.5      29.1012087
             84      244.134292
           84.5     -3.20317894
             85      73.8087848
           85.5     -123.935025
             86      12.3098393
           86.5      147.616927
             87      92.9214848
           87.5      27.8455559
             88      127.852258
           88.5      83.5410707
             89     -153.873181
           89.5      28.3154177
             90      51.0451954
           90.5      32.4786987
             91     -123.794957
           91.5     0.334115546
             92      -171.62199
           92.5     -20.9792646
             93     -75.0849447
           93.5      76.2993365
             94      158.200438
           94.5      6.64039831
             95      4.99283438
           95.5     -104.781271
             96      228.463232
           96.5     -77.1867661
             97      11.0689282
           97.5     -91.4276369
             98      35.4901169
           98.5      14.4399368
             99     -230.922337
           99.5      89.3772591
            100      111.488891
          100.5      77.7868468
            101     -382.451015
          101.5     -105.023206
            102       266.84502
          102.5      400.828901
            103      116.419379
          103.5     -156.575505
            104      322.823068
          104.5     -14.4341892
            105     -306.324229
          105.5      203.115051
            106      152.463562
          106.5      -101.75234
            107      261.374153
          107.5      228.147044
            108     -142.465961
          108.5     -106.894385
            109        23.40276
          109.5      164.879042
            110     -45.9498411
          110.5     -60.8000599
            111     -199.651839
          111.5      87.8701195
            112     -71.6878919
          112.5     -216.082707
            113     -164.365069
          113.5     -78.1303058
            114      45.8674131
          114.5          125.35
            115     -43.0983744
          115.5     -94.7640484
            116     -79.9892177
          116.5     -97.1284396
            117     -259.766921
          117.5     -36.9567827
            118      166.971644
          118.5     -16.1188686
            119     -18.0474634
          119.5     -115.370055
            120      164.010746
          120.5        110.1064
            121      46.2312453
          121.5     -148.084481
            122     -79.2581253
          122.5     -138.461471
            123     -101.597608
          123.5      128.000178
            124     -131.055599
          124.5      86.9738129
            125     -12.5931819
          125.5      43.0929234
            126      65.9960223
          126.5     -55.0179839
            127      61.3424612
          127.5     0.120570899
            128     -12.8099042
          128.5      300.848196
            129     -204.344645
          129.5      388.270464
            130     -151.520859
          130.5      127.187804
            131     -1.09567905
          131.5      315.526447
            132     -13.4632277
          132.5     -13.6885901
            133      96.6171701
          133.5      103.527828
            134     -59.5424501
          134.5     -124.606769
            135      44.7594304
          135.5      216.392696
            136     -98.8276224
          136.5      229.788994
            137      156.407354
          137.5     -47.2101415
            138      52.4746769
          138.5      93.4882353
            139     -174.240008
          139.5     -168.484114
            140      220.472794
          140.5     -190.543166
            141     -16.4896154
          141.5      61.9923156
            142     -162.604517
          142.5     -63.0860914
            143     -24.3452061
          143.5      16.9254376
            144      330.212029
          144.5     -73.6982582
            145     -238.797493
          145.5     -271.444162
            146      13.8722941
          146.5     -253.627127
            147      65.5949108
          147.5      168.324466
            148      47.0923621
          148.5     -53.4804978
            149      257.145971
          149.5      53.1439157
            150     -32.8031031
          150.5     -149.547353
            151      133.192831
          151.5     -105.938505
            152     -95.6195595
          152.5      214.471626
            153     -52.0832977
          153.5      163.776185
            154      141.164566
          154.5     -259.762145
            155      136.478985
          155.5     -124.366572
            156     -27.6423115
          156.5     -26.9510035
            157     -81.5897724
          157.5     -10.4747668
            158      12.1897302
          158.5      180.331053
            159      195.040272
          159.5     -202.058107
            160       160.89868
          160.5     -68.4786544
            161     -4.51015367
          161.5       2.6350632
            162     -15.0064853
          162.5     -82.1238383
            163      78.6227959
          163.5      88.2173877
            164     -158.736523
          164.5     -76.3104871
            165     -100.091137
          165.5     -227.912878
            166      66.0045136
          166.5      124.693886
            167     -141.138466
          167.5     -138.951397
            168     -63.3132071
          168.5     -128.172413
            169      107.340583
          169.5      27.7023934
            170      52.8833692
          170.5     -15.2698894
            171      271.599656
          171.5      3.78189642
            172     -139.474169
          172.5     -82.6941497
            173     -35.9471199
          173.5     -116.340932
            174     -212.537506
          174.5     -149.960567
            175     -54.3576272
          175.5      59.6203283
            176     -6.61886627
          176.5     -265.753496
            177      71.1564392
          177.5     -10.5293157
            178     -351.518769
          178.5      57.1147855
            179      124.670179
          179.5      12.5787432
            180     -116.052335
          180.5     -3.49827825
            181      75.9102021
          181.5     -36.2837295
            182      120.567984
          182.5      185.707159
            183     -243.704224
          183.5     -135.395395
            184      32.5278913
          184.5     -209.479559
            185       -18.20144
          185.5     -204.755154
            186       209.13223
          186.5      112.360912
            187     -164.063741
          187.5    -0.350313877
            188      48.0816965
          188.5     -180.984754
            189      98.4136232
          189.5      36.0933038
            190     -72.9082407
          190.5     -157.502514
            191     -13.5169498
          191.5      64.6859726
            192      55.3846058
          192.5      158.519542
            193     -137.301409
          193.5      14.0581916
            194      194.111305
          194.5      218.338784
            195     -104.046673
          195.5      93.6925157
            196      15.4091381
          196.5     -151.426452
            197     -77.2540593
          197.5      120.780785
            198     -140.036742
          198.5     -138.436459
            199     -41.1052835
          199.5      495.837045
            200      164.220561
          200.5      205.120227
            201      31.9798657
          201.5      132.911389
            202     -266.728058
          202.5        359.2419
            203     -194.437651
          203.5     -262.789902
            204     -213.886447
          204.5      20.3310901
            205      103.052559
          205.5     -113.301348
            206      51.7741926
          206.5      85.7046181
            207      254.117627
          207.5      197.239292
            208     -69.7134835
          208.5     -247.697338
            209      217.937139
          209.5      62.6485137
            210      118.054234
          210.5      50.2940869
            211      178.039119
          211.5      208.911962
            212     -246.370784
          212.5     -46.5222078
            213      70.1686503
          213.5      13.2682299
            214     -236.358162
          214.5     -44.4139467
            215      130.812594
          215.5      71.3154642
            216      24.2026086
          216.5      302.149121
            217      40.3173629
          217.5     -114.020554
            218      52.3993953
          218.5     -11.7604293
            219     -47.4180061
          219.5      23.6119888
            220     -50.8536926
          220.5        219.0741
            221     -86.5588214
          221.5     -110.694502
            222     -2.62129759
          222.5      -47.089702
            223      89.8783399
          223.5      9.37242182
            224      88.6423916
          224.5     -35.9003709
            225     -160.179722
          225.5      81.8484474
            226     -1.75628484
          226.5     -14.4376749
            227       1.5946187
          227.5       80.396722
            228      13.6389024
          228.5      123.816771
            229     -11.9907447
          229.5      57.5585748
            230     -178.008834
          230.5      33.1870724
            231       126.23415
          231.5     -13.9487167
            232     -198.151721
          232.5     -66.1344901
            233     -167.318295
          233.5     -10.2707679
            234     -44.9583101
          234.5      201.922321
            235      192.693082
          235.5     -66.3191851
            236      26.8003371
          236.5     -86.9323381
            237     -156.438753
          237.5     -18.3336175
            238      95.6383119
          238.5      3.02457597
            239      84.3411007
          239.5      30.6654699
            240     -51.7085861
          240.5     -58.7519562
            241     -55.7741919
          241.5      -55.841181
            242       155.36618
          242.5      163.882164
            243     -293.038875
          243.5      56.4700552
            244      163.208024
          244.5      185.746363
            245     -168.385595
          245.5     -43.1814208
            246      7.50547915
          246.5      63.6113442
            247      161.456515
          247.5     -242.060758
            248     -116.786689
          248.5     -143.053039
            249      27.2758988
          249.5      166.484611
            250     -25.0604885
          250.5     -131.899982
            251      56.2182563
          251.5      199.753278
            252      321.986054
          252.5     -50.7679869
            253       230.39955
          253.5     -126.626797
            254      37.6676555
          254.5     -99.2989481
            255     -104.721651
          255.5      55.5464485
            256      156.871959
          256.5       12.020332
            257       -147.6995
          257.5     -115.949678
            258     -23.7355505
          258.5     -3.84615861
            259      51.7424869
          259.5     -104.168446
            260     -286.804215
          260.5      92.2735244
            261      34.4485423
          261.5      195.406039
            262      106.141904
          262.5     -116.087083
            263     -93.7534434
          263.5     -63.0479731
            264     -224.553714
          264.5      131.096573
            265      190.097108
          265.5      31.9507888
            266      30.3707362
          266.5     -28.1747271
            267     -123.163883
          267.5      135.166138
            268      79.6444532
          268.5      20.5614995
            269      196.065583
          269.5      33.5852762
            270      84.2202857
          270.5     -329.154998
            271     -233.558094
          271.5        179.9133
            272     -33.3124904
          272.5      98.0989159
            273      22.3777107
          273.5     -62.3753974
            274     -125.200537
          274.5      40.5754684
            275      259.594441
          275.5      66.8498321
            276     -105.520243
          276.5      110.032243
            277       3.6114953
          277.5       -82.33912
            278      102.563338
          278.5      203.684524
            279      64.6510491
          279.5      173.928705
            280      271.913146
          280.5      105.239287
            281      93.0926244
          281.5      18.9311792
            282      204.312377
          282.5      303.079497
            283     -33.5413077
          283.5      49.4868326
            284      188.426266
          284.5      134.287054
            285     -120.821892
          285.5      39.5951895
            286      93.6195037
          286.5     -49.3295482
            287      149.936004
          287.5     -82.6861095
            288       35.230976
          288.5     -69.7730471
            289     -80.1647992
          289.5      108.701028
            290     -178.704673
          290.5      242.252038
            291     -37.9808611
          291.5     -13.4584734
            292      239.040494
          292.5      85.7666445
            293     -43.2191885
          293.5      209.305619
            294     -213.597269
          294.5      19.7221257
            295      100.145986
          295.5      179.093704
            296      -10.567146
          296.5       166.06898
            297      17.3026102
          297.5      -106.15844
            298      13.2556101
          298.5     -250.932477
            299      38.8848786
          299.5     -84.6716253
            300     -66.0633668
          300.5      45.8428276
            301     -147.969044
          301.5     -17.4713939
            302       86.973354
          302.5      154.625728
            303     -8.62916507
          303.5      83.1594283
            304      73.8905465
          304.5      -195.08603
            305     -39.9111783
          305.5      56.4329579
            306      25.7743727
          306.5     -22.0345126
            307      131.487001
          307.5      104.457305
            308        77.85359
          308.5     -125.958977
            309      238.207074
          309.5     -78.6379861
            310      78.1886321
          310.5      48.6352826
            311      180.486458
          311.5      97.9484898
            312     -68.5206424
          312.5     -99.0902029
            313      39.5726258
          313.5      132.423231
            314     -71.3985097
          314.5     -6.41577493
            315      41.3320483
          315.5      126.715739
            316     -227.265339
          316.5      119.275591
            317      35.0631539
          317.5     -60.6683333
            318     -84.6496782
          318.5      121.857257
            319      57.0271849
          319.5     -58.9898741
            320     -71.6940229
          320.5      305.302901
            321      57.4185311
          321.5      57.4475066
            322     -41.2429176
          322.5     -131.217182
            323     -49.3239796
          323.5      39.5589431
            324      120.426237
          324.5      139.264194
            325     -25.6214724
          325.5     -102.509375
            326     -74.5262611
          326.5     -39.7218656
            327      -63.294499
          327.5     -96.6503612
            328     -24.4170265
          328.5     -117.332409
            329      123.257814
          329.5      -10.044973
            330     -115.790779
          330.5      223.885428
            331      63.3327339
          331.5      29.2970962
            332      102.823904
          332.5     -102.871977
            333       104.82128
          333.5      1.68949183
            334      3.79954059
          334.5     -30.5889708
            335      218.727636
          335.5     -108.417434
            336      23.4762516
          336.5      -130.43158
            337     -145.881086
          337.5      180.402306
            338     -203.405454
          338.5      360.483837
            339      33.3742159
          339.5     -2.31350579
            340     -149.695682
          340.5      121.673617
            341      77.5635971
          341.5     -137.843831
            342      231.117883
          342.5      21.1134983
            343     -99.0228496
          343.5      42.1845019
            344      224.181009
          344.5     -81.7950929
            345      18.2418144
          345.5     -345.565165
            346      23.4141678
          346.5      56.5558393
            347     -217.955954
          347.5     -231.648048
            348     -57.7257404
          348.5     -110.293055
            349      61.8943101
          349.5     -11.7392563
            350     -117.228839
          350.5      261.030055
            351      120.249282
          351.5      75.7163495
            352     -146.529745
          352.5     -54.5219878
            353     -18.4516511
          353.5       45.022653
            354      110.706384
          354.5      76.3650614
            355      190.682788
          355.5      168.714991
            356     -137.301733
          356.5     -72.2300301
            357     -178.849453
          357.5     -222.726752
            358      26.6246047
          358.5     -28.9489035
            359       267.80458
          359.5     -246.750919
            360      126.420077
          360.5      -42.015309
            361     -22.4809153
          361.5     -184.628582
            362      323.159333
          362.5      106.133471
            363      74.0726854
          363.5     -22.8352318
            364      153.016829
          364.5     -199.069545
            365      21.0794801
          365.5      70.6670094
            366      -58.899921
          366.5      19.5973808
            367      55.2029561
          367.5      112.214566
            368      -91.892726
          368.5      104.427215
            369       80.693856
          369.5      111.235113
            370     -166.696363
          370.5      136.833709
            371      50.6296643
          371.5     -108.864755
            372     -58.9664944
          372.5      33.9140226
            373     -78.3157684
          373.5      167.534131
            374      -65.252493
          374.5      39.8935822
            375      47.3234611
          375.5     -20.1099468
            376     -182.624036
          376.5      122.481508
            377     -81.6122139
          377.5     -159.417756
            378      66.0252008
          378.5     -45.3768289
            379      35.6352287
          379.5      214.485859
            380      62.3662166
          380.5      35.1292908
            381      235.571545
          381.5      174.962783
            382      99.6664737
          382.5     -13.7501414
            383     -54.3561475
          383.5      6.57747236
            384     -442.082052
          384.5      81.5737595
            385     -166.231508
          385.5      142.966737
            386     -273.296708
          386.5     -60.7396451
            387      96.8856679
          387.5     -378.328743
            388      96.2067524
          388.5      -47.524892
            389      110.241854
          389.5     -63.4401593
            390      149.678146
          390.5       131.02697
            391     -116.008739
          391.5     -11.3472509
            392      152.436565
          392.5      374.366128
            393      107.773396
          393.5      255.733238
            394     -135.220452
          394.5     -41.8805118
            395     -37.0404574
          395.5     -46.4331902
            396     -2.33352896
          396.5      -65.720777
            397     -150.559217
          397.5     -63.3247906
            398      12.2906382
          398.5     -156.557149
            399      33.7899393
          399.5      80.2285351
            400      56.8861539
          400.5      56.9632963
            401     -4.63407174
          401.5      15.0237521
            402     -8.07487839
          402.5     -24.4651124
            403     -48.4881226
          403.5      183.469964
            404     -160.664064
          404.5      -67.309987
            405      4.18587501
          405.5     -98.0861102
            406     -102.749915
          406.5      102.731451
            407     -215.739595
          407.5      -76.409541
            408     -48.3130593
          408.5      135.057796
            409     -93.4737174
          409.5     -58.2710044
            410        67.45305
          410.5      28.3219073
            411      28.5619039
          411.5       158.17907
            412     -20.4197212
          412.5       160.84545
            413      68.5454416
          413.5       113.72148
            414      33.8419738
          414.5      67.5291531
            415      49.9442311
          415.5     -142.423135
            416     -32.0222809
          416.5      -200.63606
            417      255.641416
          417.5     -102.840924
            418      382.293782
          418.5      116.464437
            419     -216.894239
          419.5     -78.6256704
            420     -361.703193
          420.5      68.0485801
            421      9.76961133
          421.5     -140.768707
            422      211.829736
          422.5      189.458631
            423     -187.974766
          423.5     -111.561378
            424      11.8479525
          424.5     -151.098418
            425     -109.769492
          425.5     -388.182749
            426     -156.520841
          426.5      152.860775
            427     -5.67828932
          427.5      227.785115
            428       139.53248
          428.5     -39.6914179
            429      23.6133387
          429.5      262.644514
            430       127.36832
          430.5      3.79240987
            431      117.301875
          431.5     -33.9530891
            432     -107.855687
          432.5       24.664793
            433      65.6607796
          433.5      316.080517
            434     -172.206453
          434.5      150.074064
            435      33.6598635
          435.5     -67.6817827
            436     -75.6336627
          436.5      70.6455669
            437      44.1449847
          437.5      -182.42306
            438      269.451758
          438.5      126.263614
            439     -71.3231024
          439.5       92.239541
            440     -19.0804607
          440.5      143.411028
            441      20.1213391
          441.5      270.649491
            442     -59.9167411
          442.5      104.481249
            443     -44.9582358
          443.5      8.56547263
            444     -74.7423997
          444.5      261.294721
            445     -29.7085481
          445.5       92.860405
            446     -106.160779
          446.5       226.52116
            447      -60.642289
          447.5     -76.5351642
            448     -176.554678
          448.5     -64.3410553
            449     -5.32574358
          449.5      123.354223
            450      267.629031
          450.5     -143.635669
            451      172.366369
          451.5     -139.558708
            452     -80.7522699
          452.5     -25.4642628
            453     -314.285103
          453.5      167.156058
            454     -123.230345
          454.5      193.500647
            455     -137.097812
          455.5     -52.3634827
            456     -165.362949
          456.5      -116.29751
            457      7.14365069
          457.5      93.6123123
            458      74.4736592
          458.5      231.367636
            459     -292.825464
          459.5     -91.4978996
            460      140.562222
          460.5     -107.896138
            461      61.0432308
          461.5     -259.437753
            462     -193.373397
          462.5     -363.495896
            463      133.108678
          463.5      -33.693159
            464      11.0733463
          464.5     -260.649141
            465     -378.628879
          465.5       66.819944
            466     -130.788698
          466.5      108.776048
            467      93.5704373
          467.5     -76.1652099
            468      176.680675
          468.5     -10.9110354
            469     -191.676648
          469.5     -103.357681
            470      2.94395819
          470.5      128.490799
            471      134.319051
          471.5      168.612623
            472     -114.530532
          472.5     -64.8560437
            473     -80.7990266
          473.5      24.9875851
            474     -110.026977
          474.5     -86.7895352
            475      40.3046456
          475.5      97.5870039
            476     -124.339298
          476.5      202.243666
            477      35.7930947
          477.5      138.416216
            478     -77.4880934
          478.5     -81.6237332
            479     -278.856237
          479.5     -66.5228583
            480      245.821019
          480.5      3.59442993
            481     -123.494534
          481.5      160.936927
            482      52.9552454
          482.5      81.1700855
            483      150.051236
          483.5      63.4525443
            484      18.8173702
          484.5      105.600063
            485      59.2376098
          485.5      88.0367507
            486     -152.052191
          486.5     -114.106372
            487     -104.059966
          487.5      101.950636
            488      172.845045
          488.5     -139.033806
            489     -164.278807
          489.5     -54.0446368
            490     -48.3142484
          490.5      81.1205537
            491      103.505809
          491.5      250.636033
            492     -281.338444
          492.5      113.177042
            493       119.42953
          493.5     -231.535179
            494      60.4534594
          494.5      14.9618059
            495      31.9032928
          495.5     -7.14262905
            496      73.1721575
          496.5      192.948089
            497      199.281802
          497.5      38.8202761
            498      44.0200827
          498.5     -23.8178873
            499     -181.995999
          499.5      175.629037
            500     -253.752134
          500.5     -191.143863
            501      177.125111
          501.5     -169.679635
            502     -171.422003
          502.5      6.78818796
            503      7.82248247
          503.5      148.340501
            504     -172.356081
          504.5     -247.267314
            505      287.012177
          505.5     -258.206719
            506      -18.770298
          506.5      6.42487413
            507      127.225112
          507.5     -113.386016
            508     -70.9986003
          508.5      18.6226627
            509      1.72986941
          509.5      147.345279
            510       71.766797
          510.5     -330.140155
            511      308.223452
          511.5      84.4421257
            512      18.7591735
          512.5     -81.0476335
            513     -8.58560602
          513.5     -89.3125869
            514      -143.83255
          514.5       74.598431
            515       192.27259
          515.5     -60.1450635
            516     -3.49964232
          516.5      -6.6926066
            517     -89.9646411
          517.5      97.5220638
            518     -39.3778353
          518.5     -122.793565
            519      17.9698738
          519.5     -146.956227
            520      102.433021
          520.5      151.050124
            521      142.267787
          521.5     -133.149432
            522     -125.694308
          522.5      86.0558924
            523     -49.1143093
          523.5     -174.954016
            524      -267.87854
          524.5      142.581838
            525     -50.9205218
          525.5     -128.858692
            526      -160.38141
          526.5      27.5508885
            527      76.2177387
          527.5     -72.8003892
            528      77.2895549
          528.5      57.9002133
            529        76.13376
          529.5      187.439727
            530     -20.0867894
          530.5      128.270362
            531      -45.004427
          531.5     -23.6777839
            532        10.33529
          532.5     -232.170693
            533     -101.988396
          533.5      313.018035
            534       -226.2803
          534.5     -380.493192
            535     -16.5361619
          535.5      181.718695
            536     -148.116401
          536.5     -61.3050583
            537     -23.2530861
          537.5     -72.3666549
            538     -330.652552
          538.5      102.764452
            539     -67.9900105
          539.5     -206.785514
            540      26.0435088
          540.5     -77.0117784
            541     -7.42299177
          541.5     -4.39435818
            542      2.91361589
          542.5     -51.9922798
            543      59.6479138
          543.5        -10.4405
            544     -13.2349561
          544.5      76.2264303
            545     -89.5996429
          545.5     -27.3155519
            546      199.132717
          546.5     -102.175052
            547      48.4780672
          547.5      33.0437604
            548      59.6315559
          548.5      51.8052474
            549      41.8059892
          549.5      247.757126
            550      70.0654254
          550.5     -189.409935
            551     -55.8995914
          551.5   -0.0825128101
            552     -104.569462
          552.5     -121.318208
            553      242.785462
          553.5      189.429265
            554      49.6530054
          554.5      75.1744414
            555      15.4026253
          555.5     -147.662813
            556      107.176484
          556.5      107.028877
            557     -41.1506583
          557.5      183.307461
            558      164.594862
          558.5      39.9894553
            559      232.629524
          559.5      195.793842
            560      1.12820649
          560.5     -227.412621
            561     -25.7649487
          561.5     -149.792446
            562      123.880699
          562.5     -167.052682
            563      84.8771701
          563.5     -7.34546972
            564     -63.3743688
          564.5     -80.0787516
            565      31.8271499
          565.5     -253.282901
            566      92.3740268
          566.5     -10.0882248
            567      23.7914354
          567.5     -13.1062355
            568      9.69944108
          568.5      40.4613934
            569      255.573408
          569.5      180.565312
            570      213.802093
          570.5     -67.7881153
            571      171.365122
          571.5      43.3131119
            572      127.374765
          572.5     -7.90256884
            573      8.42424206
          573.5        125.9511
            574     -81.4760318
          574.5     -90.0578607
            575     -42.1682799
          575.5      142.851702
            576      129.545998
          576.5     -153.224574
            577     -9.29278887
          577.5      100.874369
            578     -143.687159
          578.5      315.288912
            579     -39.1794486
          579.5      -208.36128
            580      115.626802
          580.5     -115.449206
            581     -49.6357223
          581.5     -212.078991
            582      132.830799
          582.5     -19.6747444
            583        274.8105
          583.5      303.732024
            584     -167.742224
          584.5      16.7305931
            585     -194.182587
          585.5     -32.4105311
            586     -15.8185222
          586.5      151.077613
            587     -132.637854
          587.5      -81.543394
            588     -62.2325139
          588.5      45.0984748
            589     -15.7403072
          589.5      195.700468
            590      76.0178604
          590.5     -121.341517
            591     -4.10306191
          591.5      -7.5339239
            592     -67.2886164
          592.5      3.81129606
            593       74.302592
          593.5      46.1916684
            594      100.294681
          594.5     -57.3793836
            595     -308.544926
          595.5      111.071103
            596      105.593783
          596.5      11.5223992
            597      54.2175816
          597.5     -109.029455
            598     -151.352036
          598.5     -144.752635
            599      150.298422
          599.5      49.5638374
            600      51.7886529
          600.5       -181.5627
            601     -7.32566829
          601.5      9.94885111
            602     -344.413552
          602.5      182.219541
            603      176.363894
          603.5     -57.9866337
            604      48.1197969
          604.5      4.96879122
            605      121.710007
          605.5     -199.951468
            606     -65.6667826
          606.5     -17.5737738
            607     -182.876539
          607.5     -202.737046
            608      181.107697
          608.5     -71.2204251
            609     -21.8292268
          609.5      128.983216
            610      48.6105715
          610.5      188.695231
            611      -17.304627
          611.5      86.9335187
            612      50.8768041
          612.5      32.4980643
            613     -71.6817036
          613.5     -26.5197297
            614      168.937162
          614.5     -87.7274497
            615     -151.988998
          615.5      188.004452
            616       189.87592
          616.5      73.1040102
            617     -150.167846
          617.5      191.155705
            618      63.8259115
          618.5    -0.803381751
            619     -40.1638644
          619.5      110.661379
            620      320.353542
          620.5     -127.732726
            621     -84.8355259
          621.5      49.8197873
            622      76.4863306
          622.5     -8.83820305
            623      21.8171248
          623.5     -141.422674
            624     -148.770085
          624.5      133.863308
            625     -29.6973256
          625.5     -27.7998082
            626     -190.011159
          626.5      32.3148561
            627     -55.7317436
          627.5      -72.589796
            628     -32.1576969
          628.5      211.001758
            629       80.803067
          629.5     -52.8121112
            630       249.45628
          630.5      193.776339
            631     -52.4848328
          631.5     -65.2122065
            632      -202.09255
          632.5      201.591649
            633      14.8773152
          633.5     -139.397143
            634     -84.8210038
          634.5      62.2360501
            635      54.6273593
          635.5     -96.8467569
            636     -106.846037
          636.5      177.475499
            637     -103.991951
          637.5     -123.769744
            638      34.4465882
          638.5     -213.396087
            639     -120.977956
          639.5      83.5850288
            640     -179.952041
          640.5      178.111755
            641     -135.452352
          641.5     -151.541995
            642     -67.4521135
          642.5     -43.8646945
            643     -133.486635
          643.5      125.259489
            644      11.3920618
          644.5      -372.45619
            645     -24.3266269
          645.5     -92.3121047
            646      142.308969
          646.5      58.1325594
            647      96.4802614
          647.5     -49.8321032
            648     -15.1887986
          648.5       114.63891
            649      9.64704464
          649.5      39.8079714
            650     -25.1119629
          650.5      87.5278746
            651     -71.9382301
          651.5     -99.3416989
            652     -145.761433
          652.5     -290.375111
            653     -115.856941
          653.5     -22.7106273
            654     -115.272641
          654.5      124.828391
            655       166.65732
          655.5     -106.506849
            656      206.415741
          656.5     -10.7824918
            657     -48.7198453
          657.5      62.3842027
            658     -28.7747592
          658.5      89.3733329
            659     -98.2150228
          659.5      68.7030634
            660     -94.6308241
          660.5     -127.464912
            661     -14.8553205
          661.5     -236.826675
            662      69.9265179
          662.5     -92.6230531
            663      211.070316
          663.5      -9.8230674
            664      223.989352
          664.5     -33.2318815
            665      110.634639
          665.5     -206.973075
            666      161.677383
          666.5      48.0446214
            667     -64.9435624
          667.5     -4.81351882
            668     -52.0052797
          668.5      27.0614151
            669     -65.0367367
          669.5     -78.7715214
            670      118.337872
          670.5     -94.9354799
            671     -141.758946
          671.5      12.5601638
            672      6.76679506
          672.5     -123.871375
            673     -24.7850117
          673.5      -5.6275781
            674     -118.503272
          674.5      190.039335
            675      -196.50477
          675.5     -65.0431752
            676      27.3144369
          676.5     -119.770347
            677     -26.5976474
          677.5      6.35823688
            678     -35.0398819
          678.5      217.474709
            679      -9.4065066
          679.5      105.021557
            680     -64.0973313
          680.5     -364.248525
            681     -182.801793
          681.5       23.102161
            682      210.086496
          682.5      170.061734
            683     -95.6371924
          683.5     -42.8590796
            684      81.0132805
          684.5     -106.023069
            685     -187.982712
          685.5     -37.0291241
            686     -155.243063
          686.5     -16.9414327
            687     -174.834882
          687.5      225.031061
            688       157.33651
          688.5      107.467987
            689      111.756939
          689.5      -146.01911
            690       46.349933
          690.5      354.737859
            691      42.5698408
          691.5     -17.7225011
            692      61.0395915
          692.5     -64.4349503
            693     -58.3146332
          693.5      77.1899989
            694     -174.513021
          694.5      2.35743272
            695      239.576071
          695.5      50.6800095
            696      102.339764
          696.5     -97.5892266
            697     -36.8700971
          697.5      144.231691
            698     -143.098592
          698.5      233.307739
            699     -230.459811
          699.5      180.418901
            700      110.948749
          700.5      113.922905
            701      33.3684011
          701.5      149.824657
            702      205.762979
          702.5      37.2113988
            703      -198.46778
          703.5      -340.79892
            704     -256.992724
          704.5      37.2793317
            705     -40.5917106
          705.5     -9.67223587
            706     -56.6680039
          706.5     -121.596597
            707      149.655372
          707.5      -56.925517
            708      31.0805027
          708.5     -35.4460588
            709       168.81607
          709.5      31.3869482
            710     -102.225907
          710.5    -0.388949967
            711     -33.2644561
          711.5      -147.45274
            712     -110.093477
          712.5      120.556733
            713      240.917321
          713.5       13.692883
            714      166.752331
          714.5      53.7384411
            715     -76.0687036
          715.5     -57.2997172
            716     -83.5440376
          716.5     -86.6787401
            717     -1.16721023
          717.5     -63.1721817
            718      76.6396194
          718.5     -63.1179614
            719      239.142881
          719.5     -36.1897301
            720      221.106784
          720.5      -108.87636
            721     -107.141685
          721.5      42.8427834
            722     -73.9894082
          722.5      36.9945135
            723      154.727427
          723.5      -111.51452
            724     -62.0815778
          724.5      271.812878
            725      36.1908399
          725.5     -6.39258353
            726     -63.6142926
          726.5      27.1163268
            727     -163.264707
          727.5      55.9762155
            728       76.474843
          728.5     0.768247484
            729      -199.44471
          729.5     -35.8427285
            730      78.5601554
          730.5     -29.0846092
            731     -13.4577851
          731.5     -35.4590948
            732     -3.18615244
          732.5     -286.553112
            733      -68.956386
          733.5     -92.7942235
            734      200.382303
          734.5     -258.652316
            735     -3.20683141
          735.5      110.410423
            736      85.7795222
          736.5     -197.329479
            737      162.302631
          737.5     -87.1865027
            738      250.836503
          738.5      131.919617
            739      -119.47896
          739.5      -169.09339
            740     -98.2178667
          740.5      35.7909013
            741     -13.8126246
          741.5     -317.166114
            742     -106.679135
          742.5     -103.175155
            743      13.2222044
          743.5      259.610184
            744      62.2677968
          744.5      10.9590321
            745     -60.8192359
          745.5      167.548032
            746      144.271828
          746.5      -239.54952
            747     -55.1266145
          747.5     -33.9866359
            748     -10.0736808
          748.5      244.111771
            749     -181.904678
          749.5      127.308272
            750      121.244185
          750.5     -81.1371351
            751     -113.209451
          751.5     -154.102885
            752       246.26571
          752.5       129.30479
            753      50.1563259
          753.5      22.4627599
            754      66.5172152
          754.5     -10.0448682
            755      26.6146159
          755.5      26.3317513
            756       41.715267
          756.5      93.3275475
            757      26.2424111
          757.5      71.0606187
            758     -258.927489
          758.5     -141.812202
            759     -84.4172039
          759.5      -9.9829261
            760      240.478265
          760.5     -64.7907385
            761     -1.56194746
          761.5     -113.332053
            762     -141.700186
          762.5     -55.9965937
            763     -50.5239263
          763.5      10.4942376
            764      36.2126759
          764.5     -2.97319558
            765     -209.798993
          765.5     -232.530272
            766     -183.953433
          766.5     -77.2795343
            767      274.858065
          767.5     -147.204895
            768     -98.2168156
          768.5      239.191708
            769      103.158204
          769.5      134.274751
            770     -28.3561983
          770.5      -18.952541
            771      222.864014
          771.5       26.679542
            772     -31.3893876
          772.5     -3.25222627
            773      101.080939
          773.5      -2.3598787
            774     -40.1015832
          774.5      7.87808096
            775      240.229665
          775.5      78.3375879
            776     -87.6997959
          776.5      -27.580944
            777      152.124736
          777.5     -37.8472927
            778     -61.4524669
          778.5     -185.215472
            779     -90.6939782
          779.5      26.2833684
            780     -51.2537074
          780.5     -32.7996364
            781      94.3092407
          781.5     -125.771757
            782     -49.2333638
          782.5     -38.0529057
            783     -7.54897925
          783.5     -77.5726754
            784      69.0655927
          784.5      -42.832751
            785     -124.761498
          785.5     -104.052413
            786     -39.6545462
          786.5     -2.98789169
            787      104.582348
          787.5      122.229699
            788      87.7878963
          788.5      -129.04044
            789     -141.641241
          789.5     -23.6063761
            790     -65.1474854
          790.5      209.974502
            791     -36.2538888
          791.5     -119.684685
            792     -202.227324
          792.5     -201.810097
            793       111.81132
          793.5      -119.51387
            794      29.6494177
          794.5     -117.412913
            795     -224.924776
          795.5      -12.622201
            796     -152.197392
          796.5     -72.3773453
            797     -40.7446999
          797.5     -51.4251846
            798     -232.033741
          798.5      66.0534547
            799     -164.522345
          799.5     -194.288315
            800      64.3260189
          800.5      59.3111012
            801      46.3744103
          801.5     -293.200973
            802      1.39381028
          802.5      15.7348801
            803      87.1357243
          803.5      122.663867
            804    -0.599888715
          804.5      36.2397791
            805     -73.7849914
          805.5     -164.217211
            806      111.316855
          806.5     -78.7377573
            807      86.7894686
          807.5     -54.2812598
            808      98.8714984
          808.5     -97.0402558
            809     -175.990007
          809.5     -54.4238624
            810      299.913467
          810.5     -125.165342
            811     -45.0328545
          811.5     -65.7470392
            812      48.2019427
          812.5      88.6785648
            813       31.674322
          813.5      33.0338262
            814     -77.3421564
          814.5      -80.494904
            815     -43.3433113
          815.5     -74.5070406
            816     -231.074923
          816.5      63.2167491
            817      20.5368541
          817.5      107.134858
            818      268.847932
          818.5       209.49127
            819       87.598314
          819.5      61.5683131
            820     -106.241637
          820.5     -105.983079
            821      157.329199
          821.5      62.1379837
            822      110.768705
          822.5     -455.633212
            823      -94.302111
          823.5      140.721415
            824      15.9254523
          824.5     -221.791804
            825      155.997429
          825.5      331.452227
            826     -26.9225995
          826.5     -47.4026006
            827      233.037292
          827.5       38.161808
            828      95.6857839
          828.5       40.873436
            829      58.3439871
          829.5     -88.5412955
            830     -128.132895
          830.5      138.173412
            831      -110.28733
          831.5     -210.933635
            832      63.6952436
          832.5     -125.540987
            833     -298.329247
          833.5      116.098193
            834       128.52387
          834.5     -162.503786
            835     -95.1658615
          835.5     -71.1804269
            836      229.431983
          836.5      122.163983
            837      169.046198
          837.5     -140.056751
            838      58.7189702
          838.5     -272.496302
            839     -4.77435192
          839.5     -218.212661
            840     -42.0120781
          840.5      31.4045323
            841      4.98104156
          841.5      36.8117616
            842       168.19137
          842.5      48.1201538
            843      130.231322
          843.5      181.692792
            844      296.801746
          844.5      -25.618532
            845     -185.100539
          845.5      32.9035342
            846      162.381169
          846.5     -44.0292964
            847      256.292451
          847.5     -45.1678718
            848      63.7158288
          848.5      67.2403433
            849      132.763767
          849.5      18.7302169
            850      94.1488281
          850.5      86.1849375
            851    -0.441830051
          851.5     -249.435332
            852      80.2247836
          852.5     -154.483155
            853      115.263673
          853.5     -50.0171848
            854     -247.667933
          854.5      3.89703537
            855      140.665107
          855.5      138.151131
            856      -127.86064
          856.5     -86.6512215
            857      48.6825641
          857.5     -156.721771
            858      -135.53681
          858.5      187.922717
            859      79.9772537
          859.5     -144.176032
            860     -266.314766
          860.5      3.35381561
            861      38.6961667
          861.5     -324.458671
            862     -237.351419
          862.5      187.694591
            863     -205.067188
          863.5     -74.3189646
            864     -77.5597832
          864.5     -145.759629
            865     -154.347918
          865.5      151.773052
            866     -222.489034
          866.5      160.551561
            867      -5.6049858
          867.5     -264.008719
            868      49.6178429
          868.5     -139.148354
            869      229.540373
          869.5      114.437293
            870      29.9784662
          870.5      245.069236
            871      143.840201
          871.5      2.75923545
            872     -36.8584259
          872.5     -53.4054989
            873     -41.6320701
          873.5     -6.95895336
            874      65.8249852
          874.5     -56.1395964
            875      98.8849728
          875.5     -3.92980369
            876     -7.06054957
          876.5      132.400266
            877     -179.248832
          877.5      -102.64927
            878     -173.890115
          878.5      14.1341314
            879      87.6496699
          879.5     -101.999766
            880     -49.2139751
          880.5     -300.906735
            881      -79.383937
          881.5     -31.2977984
            882      -105.68736
          882.5     -119.711186
            883     -53.4128978
          883.5     -3.18725096
            884     -138.679379
          884.5      16.6846162
            885     -60.7774787
          885.5     -335.108919
            886      251.903262
          886.5      15.6380913
            887     -212.021569
          887.5     -204.731623
            888     -89.7029799
          888.5     -125.421715
            889      99.3074175
          889.5     -245.309051
            890     -30.6907731
          890.5      142.704359
            891     -69.2536644
          891.5      36.0502338
            892     -70.7934583
          892.5      -33.881246
            893     -76.3084832
          893.5     -228.407715
            894     -167.900951
          894.5     -161.303903
            895     -18.6941053
          895.5      27.3087459
            896      172.660578
          896.5      58.0335134
            897      27.2798122
          897.5     -14.6451863
            898     -111.838555
          898.5     -131.735954
            899      84.6079999
          899.5     -159.893112
            900      129.654033
          900.5     -16.4655611
            901     -56.6499313
          901.5     -55.1960928
            902      -290.06866
          902.5       25.733954
            903     -15.5420465
          903.5      165.084513
            904      31.3600094
          904.5      11.2947558
            905       121.61965
          905.5     -79.1488555
            906     -13.4502369
          906.5       24.512989
            907     -66.5383992
          907.5      84.6870029
            908     -26.2119022
          908.5      167.947129
            909      299.202629
          909.5     -4.76330437
            910      162.423394
          910.5     -258.727938
            911      2.44870635
          911.5      41.6026111
            912      41.1975486
          912.5       234.33401
            913     -20.1956716
          913.5     -137.345334
            914     -2.65287876
          914.5     -69.0853396
            915      58.0217929
          915.5      185.977822
            916      85.6920653
          916.5       100.54393
            917      204.942332
          917.5     -53.8133925
            918      69.8585483
          918.5     -125.579771
            919        109.3741
          919.5      -27.881609
            920       4.4303999
          920.5     -117.086324
            921      159.592814
          921.5     -87.2417195
            922       -65.42417
          922.5     -194.304392
            923       -95.52825
          923.5       73.984374
            924      88.8019219
          924.5      120.813422
            925     -105.417978
          925.5      36.0822553
            926     -260.399465
          926.5      3.18159616
            927     -93.9607303
          927.5      93.2195337
            928      -9.6260699
          928.5      318.734308
            929      232.617754
          929.5      59.5215571
            930     -206.204587
          930.5      107.143486
            931       59.195442
          931.5     -209.435278
            932      315.129985
          932.5     -147.343664
            933     -52.6456489
          933.5     -83.7821291
            934      223.262394
          934.5      122.146826
            935     -109.771105
          935.5     -186.098319
            936      52.4902376
          936.5      218.431233
            937      -154.67268
          937.5     -122.222937
            938      34.2450454
          938.5     -133.919321
            939      29.4024245
          939.5     -40.5585186
            940     -60.7663933
          940.5      11.3706561
            941     -308.174134
          941.5      99.1023566
            942      57.2203481
          942.5      40.9110568
            943      123.047104
          943.5      101.641268
            944       20.511982
          944.5      34.3540005
            945      295.670657
          945.5     -12.8286054
            946      91.8893466
          946.5     -203.516806
            947      -87.210571
          947.5     -45.6852934
            948      1.81423726
          948.5       12.033629
            949     -120.777299
          949.5     -103.971034
            950     -109.641267
          950.5      59.9595038
            951       -5.663714
          951.5      111.876579
            952     -37.0882043
          952.5      23.4364451
            953       7.3541099
          953.5      106.876442
            954       208.84867
          954.5     -161.404371
            955     -189.489718
          955.5      1.58282602
            956      39.9798574
          956.5      271.358315
            957      109.440057
          957.5      -52.323309
            958      137.668255
          958.5      59.3147911
            959      50.3761565
          959.5      97.5388422
            960     -74.2339286
          960.5      40.5083664
            961      31.8440989
          961.5      54.1542582
            962     -212.887848
          962.5      72.4583173
            963     -15.7743578
          963.5       133.09987
            964     -72.2452972
          964.5     -9.86584176
            965      -193.33387
          965.5      92.4388263
            966     -55.7152468
          966.5      89.4551736
            967     -18.4538221
          967.5     -26.0393617
            968     -164.769267
          968.5      194.272892
            969     -85.0715756
          969.5     -37.5572767
            970      -78.498663
          970.5      108.843619
            971     -10.6276959
          971.5     -106.352843
            972      17.9265962
          972.5     -11.9020609
            973      10.4374174
          973.5      56.6356687
            974      49.0897627
          974.5     -110.038041
            975     0.135580218
          975.5     0.556020745
            976      157.315357
          976.5     -96.1603031
            977      73.6797158
          977.5     -241.586392
            978     -16.7127754
          978.5      37.7137448
            979       22.176943
          979.5      107.150899
            980      92.6827369
          980.5     -101.891915
            981      121.478015
          981.5      57.1727245
            982       -61.77276
          982.5      299.721945
            983      63.8052947
          983.5     -148.576251
            984     -135.251296
          984.5      76.8959662
            985     -132.446424
          985.5     -52.8073932
            986     -33.2992325
          986.5      34.3510363
            987     -174.075054
          987.5     -102.896116
            988      401.464816
          988.5      57.2084981
            989       58.873549
          989.5      178.937946
            990      24.9928571
          990.5     -61.3190191
            991      95.0063507
          991.5      215.536551
            992     -183.992494
          992.5      213.808983
            993      89.1439684
          993.5      245.312416
            994       184.44376
          994.5     -157.912839
            995     -185.480665
          995.5     -121.759244
            996      29.5469905
          996.5     -130.515511
            997      17.4818076
          997.5     -170.652214
            998       143.34707
          998.5     0.379198954
            999      172.121812
          999.5      13.0925261
