#          time       solutemp2
              0      316.340118
            0.5      303.324694
              1      297.227894
            1.5       280.42713
              2      324.197494
            2.5      290.284779
              3      289.263219
            3.5      292.687572
              4      304.182811
            4.5      299.250889
              5      299.180204
            5.5      294.720345
              6      292.787477
            6.5      310.875865
              7      282.268526
            7.5      302.748256
              8      298.944171
            8.5       313.46314
              9      296.774204
            9.5      303.598977
             10      302.905122
           10.5      300.560977
             11      294.626636
           11.5       289.52868
             12       295.35071
           12.5      297.343031
             13      305.653498
           13.5      299.246736
             14      279.747027
           14.5      287.015919
             15      303.736716
           15.5      293.547532
             16      305.400687
           16.5      292.540548
             17      309.986775
           17.5      299.075581
             18       293.40472
           18.5      297.800434
             19       302.31099
           19.5       278.82144
             20      289.391151
           20.5      311.305058
             21      300.148741
           21.5      298.855581
             22       308.01457
           22.5      299.002735
             23      287.852956
           23.5      296.136035
             24      300.389219
           24.5      289.653006
             25      307.501796
           25.5      315.924651
             26       293.92066
           26.5      299.012598
             27      306.317571
           27.5      313.855696
             28      293.480697
           28.5      310.889966
             29      295.033146
           29.5      283.717682
             30      308.282749
           30.5      282.976236
             31      306.516472
           31.5      304.650933
             32      301.369521
           32.5      305.740373
             33      297.857972
           33.5      303.967922
             34      288.514485
           34.5      303.368268
             35      288.401949
           35.5      294.887049
             36      294.198995
           36.5      304.490706
             37      305.135787
           37.5      304.086226
             38      305.296513
           38.5       306.63628
             39      291.857673
           39.5      289.603034
             40      311.620428
           40.5      292.356447
             41      295.719726
           41.5      301.978916
             42      285.699617
           42.5      276.329552
             43      304.365043
           43.5      284.914018
             44      296.328967
           44.5      296.286073
             45      294.917657
           45.5      301.153865
             46      307.452053
           46.5      288.614445
             47      296.438192
           47.5      320.946971
             48        298.5986
           48.5      307.697902
             49      311.042435
           49.5      297.200787
             50      295.665324
           50.5      318.700995
             51      288.807926
           51.5      286.911507
             52      302.137402
           52.5      300.473807
             53      312.175057
           53.5      290.865594
             54      297.466684
           54.5      313.977627
             55      318.533889
           55.5      284.596368
             56       306.53918
           56.5      307.395976
             57      308.573187
           57.5      314.567726
             58      293.259799
           58.5      292.762197
             59       310.31927
           59.5      298.969715
             60      268.752672
           60.5      293.392444
             61      311.567269
           61.5      320.552823
             62      294.014969
           62.5      308.381063
             63      298.766287
           63.5      320.988234
             64      295.327372
           64.5      293.954404
             65      290.297353
           65.5      278.943183
             66      306.052379
           66.5      312.942696
             67      297.040916
           67.5      292.304085
             68       293.76032
           68.5      312.749774
             69      289.181453
           69.5      309.139958
             70      297.313475
           70.5      289.465947
             71      291.807769
           71.5      289.172492
             72      289.725375
           72.5      305.468249
             73       281.46963
           73.5      304.145368
             74      308.201634
           74.5      292.027625
             75      302.659556
           75.5      286.493339
             76      313.697086
           76.5      297.264135
             77      304.287353
           77.5      287.906858
             78      309.708198
           78.5      311.020786
             79      295.052201
           79.5      309.541709
             80      302.668709
           80.5      311.193821
             81      285.976568
           81.5      322.225731
             82      324.401872
           82.5      300.529774
             83      306.931121
           83.5      296.575586
             84      313.854041
           84.5      293.650792
             85      298.571607
           85.5      292.360072
             86      298.317942
           86.5      304.869567
             87      293.540439
           87.5      277.622299
             88       295.98611
           88.5      302.551454
             89      302.726494
           89.5      296.728993
             90      288.499189
           90.5      283.751025
             91      311.506007
           91.5      302.926009
             92      302.429024
           92.5      308.840013
             93      284.461726
           93.5      312.075991
             94      295.913693
           94.5      290.115994
             95      304.616913
           95.5      277.659148
             96        291.9762
           96.5       298.10778
             97      295.301994
           97.5      304.847736
             98      277.374036
           98.5      320.704302
             99      304.087659
           99.5      279.062999
            100      306.229889
          100.5      311.154104
            101      306.147218
          101.5      283.276163
            102      319.464888
          102.5      294.983829
            103      322.893786
          103.5       311.23946
            104      292.961116
          104.5      275.456827
            105      275.684146
          105.5      317.888475
            106      309.069597
          106.5       310.29707
            107      293.837503
          107.5      312.379169
            108      317.175322
          108.5      298.045597
            109       313.86289
          109.5      292.157445
            110      302.778236
          110.5      291.390741
            111      296.793505
          111.5      306.403185
            112      295.067238
          112.5      284.581449
            113      305.989318
          113.5       305.06788
            114      297.945021
          114.5      292.093456
            115      286.188615
          115.5      306.599147
            116      301.346448
          116.5      315.542884
            117       290.97442
          117.5      295.619303
            118      318.318972
          118.5      291.517855
            119      308.588952
          119.5      293.239422
            120      312.011243
          120.5      305.742375
            121      311.942428
          121.5       312.33254
            122      296.157682
          122.5      290.354727
            123      275.575067
          123.5      291.167157
            124      306.415732
          124.5      305.334476
            125      310.898442
          125.5      297.009119
            126      280.096989
          126.5      296.114518
            127      297.051886
          127.5      307.761404
            128      308.418323
          128.5       300.94219
            129      283.105186
          129.5       308.29342
            130      316.305767
          130.5      287.194352
            131      294.582194
          131.5        306.3312
            132       309.44443
          132.5      301.928021
            133      295.323832
          133.5      286.869943
            134      292.179984
          134.5      314.093512
            135      305.724678
          135.5      314.645145
            136      288.767364
          136.5      295.749749
            137      306.405284
          137.5      283.341428
            138      286.941549
          138.5       296.32392
            139      315.653758
          139.5      317.926869
            140      258.423137
          140.5      311.012431
            141      302.935518
          141.5      301.889205
            142      314.850604
          142.5      293.466312
            143      290.489686
          143.5      294.209257
            144      285.004599
          144.5      300.395216
            145      291.704702
          145.5      296.830231
            146      309.112962
          146.5      296.080647
            147      304.383335
          147.5      281.069388
            148      318.496182
          148.5      288.108547
            149      312.653392
          149.5      316.838022
            150       307.40539
          150.5      284.814881
            151      287.695819
          151.5      306.612343
            152      293.682331
          152.5      295.772685
            153      296.907449
          153.5      299.323672
            154      306.235975
          154.5      293.988351
            155      300.864308
          155.5      327.194708
            156      313.261302
          156.5      296.652128
            157      317.863097
          157.5      295.980694
            158       321.46873
          158.5      290.457799
            159      321.315322
          159.5       296.76109
            160      308.842048
          160.5      302.312504
            161      311.482922
          161.5      298.941538
            162      302.167454
          162.5      290.822749
            163      288.922303
          163.5      285.673419
            164      305.411441
          164.5      279.932472
            165      302.882492
          165.5      299.551431
            166      293.560738
          166.5      282.006363
            167      296.092466
          167.5      297.669966
            168      292.285319
          168.5      308.066786
            169      312.778496
          169.5      319.081866
            170      287.878141
          170.5      300.235713
            171      288.973971
          171.5      304.321541
            172      303.607572
          172.5       300.05682
            173      299.555645
          173.5        298.1724
            174      294.982192
          174.5      307.981698
            175      293.446009
          175.5      326.559088
            176      305.983002
          176.5      302.899334
            177      307.514894
          177.5      300.582928
            178       317.83022
          178.5      306.388245
            179      297.839188
          179.5      281.287049
            180      289.193131
          180.5      292.854882
            181      301.630757
          181.5      302.884556
            182      290.107769
          182.5      299.524791
            183      283.718098
          183.5      288.143253
            184      295.451759
          184.5      300.463365
            185      296.067098
          185.5      309.409342
            186      298.534669
          186.5      290.800409
            187      308.783503
          187.5      309.181033
            188      285.959378
          188.5      295.026813
            189      306.072861
          189.5      305.845236
            190      283.552851
          190.5       300.14268
            191      308.333466
          191.5       296.55662
            192      294.840464
          192.5      316.259965
            193      309.414436
          193.5      289.993331
            194      279.886141
          194.5      296.474977
            195      277.081007
          195.5      318.207135
            196      295.397152
          196.5      283.847821
            197      292.258177
          197.5      305.428667
            198      288.444808
          198.5      304.435692
            199      319.431088
          199.5      285.312884
            200       292.49718
          200.5      280.556203
            201      315.761371
          201.5      301.621541
            202      295.656581
          202.5      294.016498
            203      314.173151
          203.5      284.146387
            204      326.970047
          204.5      308.632977
            205       298.54442
          205.5      292.529565
            206      289.584724
          206.5      302.341849
            207      296.321128
          207.5      298.398646
            208       320.24732
          208.5      294.948147
            209      281.016163
          209.5      298.933091
            210      313.264688
          210.5      290.871238
            211      289.855576
          211.5      305.621138
            212      300.204315
          212.5      309.954057
            213      295.383538
          213.5      310.192173
            214      292.914639
          214.5      300.261251
            215      308.892047
          215.5      285.810117
            216      300.349786
          216.5      302.742722
            217      289.328547
          217.5      310.070813
            218      294.056701
          218.5      289.886134
            219      316.406011
          219.5      301.322715
            220      300.298483
          220.5      302.710218
            221      315.377733
          221.5       297.08537
            222      296.386683
          222.5      287.357845
            223      292.138878
          223.5      300.719475
            224      299.008251
          224.5      315.807869
            225      274.961297
          225.5      301.234843
            226      324.855908
          226.5      298.082254
            227      278.331026
          227.5      304.098961
            228      286.694649
          228.5      292.874972
            229      305.061932
          229.5      293.705135
            230      296.843247
          230.5      299.516648
            231      293.464823
          231.5       302.16364
            232      295.406837
          232.5      313.928123
            233      321.849492
          233.5      304.727973
            234      284.687986
          234.5      290.383332
            235      310.590273
          235.5      295.895828
            236      322.755719
          236.5      300.161427
            237      327.139886
          237.5      302.664189
            238      305.025439
          238.5        291.2971
            239      304.101289
          239.5      290.337396
            240      294.653298
          240.5      285.827374
            241      298.639752
          241.5      293.143644
            242      302.171614
          242.5      290.722018
            243      279.867035
          243.5      302.810704
            244      287.909019
          244.5      308.995409
            245      306.447864
          245.5      306.972923
            246       318.10233
          246.5      312.904506
            247      299.100465
          247.5      298.704387
            248      292.837395
          248.5      304.880676
            249      332.544971
          249.5      302.214986
            250       315.37349
          250.5      288.077339
            251      288.645451
          251.5      290.527983
            252      308.306233
          252.5      303.814303
            253      307.560761
          253.5      318.492364
            254      297.728288
          254.5      300.077917
            255      319.666397
          255.5      303.810758
            256      298.393925
          256.5       292.87108
            257      307.528462
          257.5      298.365386
            258      308.760398
          258.5      297.344478
            259       309.09378
          259.5      299.402766
            260      307.776396
          260.5      303.030494
            261      299.867702
          261.5      301.759338
            262        301.3542
          262.5      293.607809
            263      309.272184
          263.5      282.386875
            264      312.329485
          264.5      319.641461
            265      286.294156
          265.5      311.500885
            266      296.599072
          266.5      313.266271
            267      301.219343
          267.5      306.329346
            268        323.1003
          268.5      294.657477
            269      287.239451
          269.5      299.970167
            270      298.229704
          270.5      295.520838
            271      291.068134
          271.5      306.148335
            272      295.712289
          272.5      296.866056
            273      295.260933
          273.5      306.075427
            274       293.43337
          274.5      280.114809
            275       300.28408
          275.5      291.154353
            276      322.270705
          276.5      296.285768
            277      300.810206
          277.5       300.15443
            278      310.354776
          278.5      293.106583
            279      313.816062
          279.5      303.519217
            280      304.834534
          280.5      305.472879
            281      304.392689
          281.5      316.701264
            282      302.423504
          282.5       309.39481
            283      293.175903
          283.5      301.113527
            284      311.583243
          284.5      303.740367
            285      291.886206
          285.5      301.307243
            286      303.626442
          286.5      318.738846
            287      284.065071
          287.5      299.269275
            288      288.839655
          288.5      290.276575
            289      293.886953
          289.5      285.791495
            290      287.417152
          290.5      297.930305
            291      281.654593
          291.5      292.460114
            292      288.797549
          292.5      292.626967
            293      301.486602
          293.5       292.71517
            294      292.089624
          294.5      294.807915
            295      284.834776
          295.5      302.844961
            296      293.162756
          296.5      311.352306
            297      286.946973
          297.5      291.980491
            298      311.292387
          298.5      305.961382
            299      296.241168
          299.5       298.40059
            300      311.229276
          300.5      287.787181
            301      296.403393
          301.5      312.795724
            302      294.180161
          302.5      321.366295
            303      284.582272
          303.5       298.23416
            304      283.724577
          304.5      306.929706
            305      302.714779
          305.5      296.179707
            306      298.045976
          306.5      316.575413
            307       300.51346
          307.5      275.395546
            308       305.56426
          308.5      312.110428
            309      302.820973
          309.5      292.330786
            310      285.601601
          310.5      298.468617
            311      289.751971
          311.5      306.566927
            312       295.19549
          312.5      307.260941
            313      298.953122
          313.5      309.329716
            314      293.904596
          314.5      315.260021
            315      308.066769
          315.5       286.60196
            316      309.084298
          316.5      306.683703
            317      276.873561
          317.5      288.455564
            318      298.026289
          318.5      299.098467
            319      312.353213
          319.5      314.065146
            320      294.966625
          320.5      306.717372
            321      292.183057
          321.5      291.659119
            322      302.719059
          322.5      297.453767
            323      298.782568
          323.5      302.507336
            324      284.217767
          324.5      304.808892
            325      275.895116
          325.5      304.296181
            326       298.39597
          326.5      294.995944
            327      321.284257
          327.5      294.269231
            328      285.215736
          328.5       299.84071
            329      311.046923
          329.5      275.090546
            330       279.54374
          330.5      306.493404
            331      303.226857
          331.5      302.034936
            332      304.445838
          332.5      292.009231
            333      298.067428
          333.5      284.259142
            334      311.607598
          334.5      304.844722
            335        294.0432
          335.5      310.500163
            336      307.144693
          336.5      309.786798
            337      296.705531
          337.5       292.99106
            338      308.573477
          338.5      295.851089
            339      301.536632
          339.5      309.957382
            340      316.639063
          340.5      285.043577
            341       310.98708
          341.5      299.463418
            342       283.57574
          342.5      296.576029
            343      309.085845
          343.5      285.798136
            344      308.752878
          344.5       310.11636
            345      302.704007
          345.5       299.70173
            346      306.302089
          346.5       300.79588
            347      313.056824
          347.5      293.815262
            348      304.398349
          348.5        308.5943
            349      300.652715
          349.5      316.600569
            350      289.081475
          350.5      285.932038
            351      280.976587
          351.5      299.164551
            352      304.376596
          352.5      294.368027
            353      312.416743
          353.5      310.024611
            354      304.154913
          354.5       320.18929
            355      285.422169
          355.5      299.151201
            356      310.325657
          356.5      328.179066
            357      298.595711
          357.5      289.129758
            358      285.211708
          358.5      289.113469
            359      294.239569
          359.5      309.054738
            360      310.921802
          360.5      318.255159
            361      299.011683
          361.5      280.600504
            362      283.896125
          362.5      312.108516
            363      320.354155
          363.5      292.750536
            364      305.950186
          364.5      287.645167
            365      300.714174
          365.5      290.099428
            366      286.905793
          366.5      321.670891
            367      295.163408
          367.5      309.872109
            368      291.805114
          368.5       301.23257
            369      280.442643
          369.5      296.250229
            370      312.180392
          370.5      298.816444
            371      304.840625
          371.5      291.427247
            372      301.904072
          372.5      288.193895
            373      295.576375
          373.5      292.338967
            374      296.723082
          374.5      288.099332
            375      308.746705
          375.5      284.137152
            376      300.753299
          376.5      294.665534
            377      301.456665
          377.5      299.705024
            378      302.946392
          378.5      311.361287
            379      278.456952
          379.5      302.811206
            380       300.96405
          380.5      312.026143
            381      306.244635
          381.5      300.281614
            382      294.709301
          382.5      298.831263
            383       300.60098
          383.5      308.375968
            384       310.30543
          384.5      310.241715
            385      304.731872
          385.5      295.291365
            386      291.164562
          386.5      310.272323
            387      307.941305
          387.5      326.333905
            388      306.293304
          388.5      289.094739
            389      290.724684
          389.5      284.057579
            390      290.021263
          390.5      304.231706
            391      295.926349
          391.5      269.949256
            392      301.690692
          392.5      302.259023
            393      300.218359
          393.5      302.012977
            394      302.302903
          394.5      302.969769
            395      302.159401
          395.5      302.986667
            396      296.401009
          396.5      298.697439
            397      312.063772
          397.5      285.303504
            398      282.487091
          398.5      307.487439
            399      281.768446
          399.5      308.563064
            400      292.613981
          400.5      312.386407
            401      307.767331
          401.5       298.86496
            402      296.395924
          402.5      312.033168
            403      304.768729
          403.5      293.745134
            404      288.789019
          404.5      314.590881
            405      291.479376
          405.5      311.015022
            406      299.178752
          406.5      302.922977
            407      308.225527
          407.5      301.103657
            408      310.159807
          408.5      291.433663
            409      307.102182
          409.5      323.166029
            410      299.195911
          410.5        290.0656
            411      299.492021
          411.5      289.494143
            412      291.545374
          412.5       299.02623
            413      306.901848
          413.5      296.149159
            414      314.327119
          414.5      325.667928
            415      305.502747
          415.5       319.80436
            416      300.090809
          416.5      319.391694
            417      298.312194
          417.5      292.370931
            418      291.902629
          418.5      295.904566
            419      301.479046
          419.5      311.649475
            420      298.795074
          420.5      280.588588
            421      299.558138
          421.5      322.677228
            422      292.975729
          422.5      325.030602
            423      292.408782
          423.5      305.253005
            424      299.419092
          424.5      319.347704
            425      295.825846
          425.5      299.938037
            426      297.570617
          426.5      297.124933
            427      310.370914
          427.5       302.38292
            428      290.347475
          428.5      303.548006
            429      291.854591
          429.5      296.601027
            430      290.746776
          430.5      317.047442
            431      285.382578
          431.5      298.231232
            432      281.337102
          432.5      287.754169
            433      306.070697
          433.5      295.718881
            434      297.942332
          434.5      318.977479
            435      300.537045
          435.5      305.434563
            436      313.834087
          436.5      304.151508
            437      310.927305
          437.5      311.123497
            438      296.937049
          438.5      305.490675
            439      293.770005
          439.5      322.937759
            440      291.486729
          440.5       295.93107
            441      295.476461
          441.5      310.784249
            442      306.487864
          442.5      292.695494
            443       290.99743
          443.5      286.831963
            444       302.01299
          444.5      297.067778
            445      271.652053
          445.5      317.642493
            446      306.365503
          446.5      332.695747
            447      303.815735
          447.5      287.604319
            448      288.390526
          448.5      292.696344
            449      284.056107
          449.5       295.54347
            450      275.414597
          450.5      294.368008
            451      282.740235
          451.5      316.002681
            452      293.766732
          452.5      304.981027
            453      288.181652
          453.5      312.575007
            454       329.35985
          454.5      282.323897
            455      306.005514
          455.5      315.129083
            456      294.349255
          456.5      306.228316
            457      312.893832
          457.5      304.737944
            458       300.65028
          458.5      306.203136
            459      305.497391
          459.5      304.641126
            460      289.000693
          460.5      287.161002
            461      306.188171
          461.5      298.402458
            462      287.905606
          462.5      297.049514
            463      299.048702
          463.5      301.539826
            464      296.652192
          464.5      290.921298
            465      303.982314
          465.5      304.179838
            466      287.913227
          466.5      299.832063
            467      294.981023
          467.5      291.898546
            468      289.375161
          468.5      307.974816
            469      307.177607
          469.5      305.519322
            470      304.499958
          470.5      319.604228
            471      293.788939
          471.5      269.413952
            472      314.118022
          472.5       291.75067
            473      309.841258
          473.5      304.992422
            474       303.59099
          474.5      323.162538
            475      312.808537
          475.5      279.638716
            476      287.013547
          476.5      294.046249
            477      315.231551
          477.5      297.345833
            478       303.06222
          478.5      307.555231
            479       289.91232
          479.5      302.248274
            480      307.988548
          480.5      293.429415
            481      312.385544
          481.5      313.620294
            482       293.22897
          482.5      292.129105
            483      308.363085
          483.5      311.375481
            484      281.685032
          484.5      322.165475
            485      319.185139
          485.5      298.258549
            486       305.77159
          486.5      320.483385
            487      284.446325
          487.5      314.425953
            488      306.307396
          488.5      322.355822
            489      293.020653
          489.5      291.457199
            490       293.49433
          490.5      290.838261
            491      315.223131
          491.5      290.092602
            492      288.974672
          492.5      298.109718
            493      291.084239
          493.5      297.676459
            494      308.223151
          494.5      295.260905
            495       298.24514
          495.5      295.593135
            496      292.258221
          496.5      329.401721
            497      303.633198
          497.5      305.431946
            498      299.589464
          498.5      305.415481
            499      327.470266
          499.5      304.064674
            500      309.391141
          500.5      303.505477
            501      304.067299
          501.5      306.186124
            502      294.004861
          502.5      301.342946
            503      299.748781
          503.5      303.907492
            504       310.54457
          504.5      307.941109
            505      316.113553
          505.5      285.759684
            506       307.28971
          506.5      290.549079
            507       284.57398
          507.5      279.823003
            508       307.77271
          508.5      295.887615
            509      284.372433
          509.5      297.778827
            510      280.419449
          510.5      284.494412
            511      291.895625
          511.5      301.609498
            512      300.866683
          512.5      297.077699
            513      302.266942
          513.5      290.800603
            514      303.328418
          514.5       293.07974
            515      306.588897
          515.5      309.012181
            516      291.200153
          516.5      292.107946
            517      309.314159
          517.5      277.070987
            518      292.679584
          518.5      297.715408
            519      289.791666
          519.5      309.095689
            520      283.357234
          520.5      318.648289
            521      289.576767
          521.5      291.466954
            522      300.185302
          522.5      297.900793
            523      311.261765
          523.5      308.279642
            524      282.868378
          524.5      311.625102
            525      294.556062
          525.5      316.562386
            526      286.491953
          526.5      283.162592
            527      316.033535
          527.5      326.476289
            528      284.316406
          528.5      292.499856
            529      304.270623
          529.5      322.605712
            530      282.798333
          530.5      297.239536
            531      295.832596
          531.5       304.46745
            532      299.560424
          532.5      303.720752
            533      283.134072
          533.5      298.242866
            534      299.048398
          534.5      269.992579
            535      302.299379
          535.5      309.838843
            536      305.906993
          536.5       288.70936
            537      290.137627
          537.5      310.700112
            538       308.97903
          538.5       308.52768
            539      294.896379
          539.5      287.991497
            540      295.013607
          540.5      291.766159
            541      303.206598
          541.5      321.973182
            542      290.490758
          542.5      289.003671
            543      295.352813
          543.5      290.500459
            544      290.075418
          544.5      313.505423
            545      304.508421
          545.5      282.935793
            546      301.141204
          546.5      291.835971
            547      307.143682
          547.5      291.170837
            548      307.260944
          548.5      299.799344
            549      304.313418
          549.5      294.746848
            550      293.884784
          550.5      297.481968
            551       295.18367
          551.5      302.178862
            552      296.303963
          552.5      293.043359
            553      280.917373
          553.5      292.581907
            554      284.268485
          554.5      309.576888
            555      293.619364
          555.5      293.660521
            556      307.382857
          556.5       302.54064
            557      281.657181
          557.5      288.008507
            558      308.604052
          558.5      290.273773
            559      275.310049
          559.5      282.510738
            560      296.089247
          560.5      301.468623
            561      298.075726
          561.5      297.856905
            562      296.275465
          562.5      292.442958
            563      284.363455
          563.5      313.119325
            564      312.686617
          564.5      289.810795
            565      298.021579
          565.5      305.285847
            566      318.342919
          566.5      298.616006
            567      294.388772
          567.5       296.10136
            568      304.860802
          568.5      276.970049
            569       302.05631
          569.5      307.953885
            570       311.75644
          570.5      289.332006
            571      295.387786
          571.5      298.718752
            572      302.785205
          572.5      311.535208
            573      294.798778
          573.5      289.076123
            574      296.741488
          574.5      311.308812
            575      311.844986
          575.5      288.887389
            576      310.624152
          576.5      284.465834
            577      308.149576
          577.5      285.923461
            578      283.208863
          578.5      294.597762
            579      306.016365
          579.5      309.502927
            580      321.280911
          580.5       283.69974
            581      300.342826
          581.5      315.388603
            582       295.58855
          582.5      313.129585
            583      298.434987
          583.5      304.591989
            584      303.114425
          584.5       291.47635
            585      290.220564
          585.5      318.561965
            586      291.179554
          586.5      301.209714
            587      307.900971
          587.5      310.461975
            588      299.602165
          588.5      296.258306
            589      310.527143
          589.5       300.94262
            590      280.052391
          590.5      288.810757
            591      298.476078
          591.5      318.835965
            592      299.011278
          592.5      309.084131
            593       299.88647
          593.5      317.510287
            594       302.75039
          594.5      305.203675
            595      301.767463
          595.5      316.244065
            596      298.186367
          596.5      315.513672
            597      291.225569
          597.5      293.353086
            598      304.868926
          598.5      305.532518
            599      290.129805
          599.5      302.505012
            600      287.124369
          600.5      298.078344
            601      301.386346
          601.5      291.681698
            602      291.792879
          602.5      314.055364
            603      311.031599
          603.5      294.842699
            604      306.656281
          604.5      312.976075
            605      301.415239
          605.5       282.21304
            606      297.092208
          606.5      302.962995
            607      309.740528
          607.5      300.795525
            608      299.517723
          608.5      319.619529
            609      317.072429
          609.5      278.836019
            610      282.231635
          610.5      316.931279
            611      285.920003
          611.5      293.355542
            612      292.796476
          612.5      309.970565
            613      291.155233
          613.5      305.740692
            614      295.366018
          614.5      290.279499
            615      300.106072
          615.5      311.788877
            616      322.083135
          616.5      304.388824
            617      300.024706
          617.5      296.768175
            618      294.339376
          618.5      300.248009
            619      300.907269
          619.5       299.91621
            620      274.905576
          620.5      282.349742
            621      299.920786
          621.5      316.515346
            622      296.329381
          622.5      294.168306
            623      309.060297
          623.5      299.811387
            624      318.491498
          624.5      298.297965
            625      292.411668
          625.5      300.591117
            626      277.580802
          626.5      304.526436
            627       325.64212
          627.5      333.541442
            628      289.431758
          628.5      304.306736
            629      301.791145
          629.5      305.139108
            630      287.248443
          630.5       297.22888
            631      316.539414
          631.5      292.494064
            632      309.669472
          632.5      311.242392
            633      290.477167
          633.5      295.048103
            634      297.285647
          634.5      288.987801
            635      312.339518
          635.5      321.452824
            636      299.450944
          636.5       321.08346
            637      314.256519
          637.5      287.697873
            638      287.506062
          638.5      331.304799
            639      304.500887
          639.5      308.773801
            640      306.032547
          640.5      294.094361
            641      304.735692
          641.5        306.7227
            642      300.916644
          642.5      283.962222
            643      318.600438
          643.5      289.849903
            644      310.301163
          644.5      294.002583
            645      288.770983
          645.5      279.982628
            646      305.220588
          646.5      294.414411
            647      291.775589
          647.5      291.624112
            648      301.835858
          648.5      296.755167
            649       276.57124
          649.5      305.784658
            650      316.274922
          650.5      314.134092
            651      298.198757
          651.5       288.95717
            652      295.620658
          652.5      288.064784
            653      307.410674
          653.5      295.091275
            654      303.859276
          654.5      319.767078
            655      272.176963
          655.5      300.409623
            656      285.355986
          656.5      303.892749
            657      291.120547
          657.5       294.19467
            658      287.395675
          658.5      322.537331
            659      294.788439
          659.5      306.261868
            660      296.161276
          660.5       305.06581
            661      306.989426
          661.5      294.952491
            662      296.066334
          662.5      298.514683
            663       296.12127
          663.5      310.710369
            664      288.989989
          664.5      310.075912
            665      314.594401
          665.5      295.141588
            666      295.997446
          666.5      304.462394
            667      274.982086
          667.5      319.771477
            668      301.164386
          668.5       312.12033
            669      307.086614
          669.5      275.665581
            670      295.720441
          670.5      290.990157
            671      275.611208
          671.5      299.701575
            672      317.563776
          672.5      299.998691
            673      284.947041
          673.5      289.042269
            674       303.34797
          674.5      298.249474
            675      294.826834
          675.5      276.259708
            676      299.038746
          676.5      302.764627
            677      298.771531
          677.5      299.101103
            678      293.188142
          678.5      302.860758
            679       291.39102
          679.5      298.228865
            680      311.545386
          680.5      302.087784
            681      303.877732
          681.5      304.715325
            682      309.805791
          682.5       283.50843
            683      291.747828
          683.5      299.199932
            684      286.047832
          684.5      292.997365
            685        314.5248
          685.5      297.217137
            686      280.387664
          686.5      313.163234
            687      288.106975
          687.5      284.314304
            688      304.159029
          688.5      293.553784
            689      293.052962
          689.5      308.050607
            690       279.58414
          690.5      284.479722
            691      290.347879
          691.5      305.675659
            692      314.010303
          692.5      294.052691
            693      311.431759
          693.5      302.133602
            694       303.83933
          694.5      279.706753
            695      297.206098
          695.5      286.679268
            696      306.070991
          696.5      295.419605
            697      305.583285
          697.5       292.05652
            698      298.476001
          698.5      299.441851
            699      313.213099
          699.5      314.589444
            700      308.423616
          700.5      301.505343
            701      287.689746
          701.5      300.679174
            702      287.555263
          702.5      293.555748
            703      277.709312
          703.5      304.936826
            704       290.54633
          704.5      294.299254
            705       306.63421
          705.5      304.391337
            706      310.515295
          706.5      306.613405
            707      309.249625
          707.5      321.529629
            708      306.942626
          708.5       307.14045
            709      300.153561
          709.5      281.372122
            710      282.341155
          710.5      305.812384
            711      296.010613
          711.5       296.30068
            712      320.275083
          712.5      291.380455
            713      300.252928
          713.5       292.35354
            714      308.737797
          714.5       303.68898
            715      291.597583
          715.5      297.790102
            716      288.977389
          716.5      297.401745
            717      317.408321
          717.5      317.421998
            718      305.538767
          718.5      288.460875
            719      309.681645
          719.5      284.972254
            720      282.395195
          720.5      306.474822
            721      290.082817
          721.5      280.413327
            722      305.729034
          722.5      285.951981
            723       315.46963
          723.5      303.647196
            724      271.949674
          724.5      301.893573
            725      314.885449
          725.5       298.93403
            726      294.814959
          726.5      287.518956
            727      299.236116
          727.5      289.735965
            728      285.311971
          728.5      328.263728
            729      297.511893
          729.5      298.562013
            730       300.36297
          730.5      298.918101
            731      297.606864
          731.5      288.612483
            732      294.588821
          732.5      308.377078
            733      293.488473
          733.5      289.552247
            734      282.190182
          734.5      297.479493
            735      300.581074
          735.5      309.213967
            736      312.138618
          736.5      333.256406
            737      302.473839
          737.5      298.905492
            738      319.383066
          738.5      304.499583
            739      293.749849
          739.5      307.915655
            740      307.400772
          740.5      319.750483
            741      300.901078
          741.5      292.921035
            742      297.605247
          742.5      307.375642
            743       309.25561
          743.5      301.308225
            744       303.22473
          744.5      299.810668
            745      298.822994
          745.5      311.727175
            746      306.851192
          746.5      305.052437
            747      297.132931
          747.5      289.936375
            748      307.372609
          748.5       297.58901
            749      296.760815
          749.5      275.373152
            750      281.614459
          750.5      283.558665
            751      289.530802
          751.5      291.831785
            752      313.436324
          752.5       296.68997
            753      306.607734
          753.5       287.26981
            754      302.625368
          754.5      309.563823
            755      302.356681
          755.5      313.776676
            756      312.281779
          756.5      281.602487
            757      287.166435
          757.5      323.826637
            758      295.493011
          758.5      312.241733
            759       291.15401
          759.5      312.607835
            760      291.953823
          760.5      294.580076
            761      295.022084
          761.5      315.628456
            762      319.607022
          762.5      285.945106
            763      299.559645
          763.5      293.660968
            764      297.436412
          764.5       299.54427
            765       315.14506
          765.5      298.784474
            766      328.439036
          766.5      296.266817
            767       294.08122
          767.5      280.489219
            768      298.465254
          768.5      307.035282
            769      305.837735
          769.5      314.455545
            770      293.176881
          770.5      295.204693
            771      299.436688
          771.5      285.865288
            772       318.74757
          772.5      284.210514
            773      293.059467
          773.5      290.719072
            774      302.777617
          774.5      285.120211
            775      315.345832
          775.5      317.259513
            776      302.993322
          776.5      304.290685
            777      279.023245
          777.5      287.816333
            778      301.849192
          778.5      325.639349
            779      301.324389
          779.5      290.552426
            780      299.372663
          780.5      284.169135
            781      309.894658
          781.5      309.795976
            782      283.955835
          782.5      310.752975
            783      301.873759
          783.5       327.90176
            784      308.142624
          784.5      310.052606
            785      317.763417
          785.5      295.180037
            786      316.282497
          786.5      293.798674
            787      274.952587
          787.5      306.697711
            788      287.174538
          788.5      305.314532
            789      304.401977
          789.5      299.324815
            790      296.102942
          790.5      305.854635
            791      308.822618
          791.5      320.096993
            792      299.234382
          792.5      306.012061
            793      305.715495
          793.5      307.253712
            794      309.589469
          794.5      325.542348
            795      299.722474
          795.5      321.814738
            796      309.478692
          796.5        288.1403
            797      282.220712
          797.5      319.795678
            798      288.474677
          798.5      285.152556
            799      297.880139
          799.5      319.997361
            800      278.668602
          800.5      288.177159
            801      302.837499
          801.5      308.597395
            802      282.334113
          802.5      323.070375
            803      281.501679
          803.5      272.446435
            804       314.66984
          804.5      313.902589
            805      307.957961
          805.5      293.976735
            806      280.961475
          806.5      311.223184
            807      299.026031
          807.5      283.601585
            808       307.86772
          808.5      311.640652
            809      288.819943
          809.5      282.940714
            810      307.147001
          810.5      290.468459
            811      300.983855
          811.5      287.990276
            812      311.065319
          812.5      307.851894
            813      291.424935
          813.5      310.736213
            814      289.543771
          814.5      281.309426
            815      289.063718
          815.5      292.852257
            816      296.099004
          816.5      305.156275
            817      308.598715
          817.5      296.659045
            818      293.231128
          818.5      312.647679
            819      295.034142
          819.5      298.483609
            820      296.260864
          820.5      302.879662
            821      310.303865
          821.5      299.172112
            822      291.576283
          822.5      295.182781
            823      293.771371
          823.5      289.561752
            824      290.594654
          824.5      302.812113
            825      316.780792
          825.5      296.417331
            826      280.469158
          826.5      285.331149
            827      288.117162
          827.5      275.946095
            828      309.659902
          828.5      303.235407
            829      298.270343
          829.5      299.029195
            830      311.298568
          830.5      328.207275
            831      293.565323
          831.5      288.566576
            832      285.967702
          832.5       303.99522
            833      297.723756
          833.5      322.318265
            834      293.292189
          834.5      284.634912
            835       288.66701
          835.5      294.420985
            836      297.626183
          836.5      306.188711
            837      299.346822
          837.5      308.181622
            838      310.858578
          838.5      302.717244
            839      317.760507
          839.5      306.652618
            840      302.273139
          840.5      296.875325
            841      301.391788
          841.5      274.649141
            842      298.082316
          842.5      301.492262
            843       304.45963
          843.5      283.843329
            844      301.776133
          844.5      291.057878
            845      294.046307
          845.5      301.321364
            846      286.425853
          846.5      296.115904
            847      304.669239
          847.5      311.790152
            848      313.678401
          848.5      274.762459
            849      308.967368
          849.5      304.441748
            850      306.735968
          850.5      302.379216
            851      291.117084
          851.5      299.626437
            852      318.451886
          852.5      309.864903
            853      294.026267
          853.5      309.156713
            854      301.446471
          854.5      305.833421
            855      299.538679
          855.5      283.987849
            856      305.159465
          856.5      307.818076
            857      299.655879
          857.5      308.067649
            858      282.106732
          858.5      291.322129
            859      303.073229
          859.5       282.94207
            860      292.285354
          860.5      309.033931
            861      308.354299
          861.5      287.531611
            862      316.480087
          862.5      315.059327
            863      295.837414
          863.5      279.220206
            864      311.524652
          864.5      298.204206
            865      294.380558
          865.5      293.818242
            866      297.236224
          866.5      275.407674
            867      307.896928
          867.5      273.248327
            868      287.190134
          868.5      308.255225
            869      307.520876
          869.5      300.642803
            870      296.841402
          870.5      306.287078
            871      299.450027
          871.5      305.539292
            872      296.142878
          872.5      321.153584
            873      312.009208
          873.5      289.795581
            874      302.694591
          874.5      295.417324
            875      311.972962
          875.5        315.5009
            876      302.205698
          876.5       288.48021
            877      283.217102
          877.5      297.872234
            878      288.714461
          878.5       308.45833
            879      299.140095
          879.5      309.359797
            880      302.941736
          880.5      305.690913
            881      300.055054
          881.5      300.716488
            882      296.409778
          882.5      321.258194
            883      296.990948
          883.5      306.709184
            884      285.305582
          884.5      302.882979
            885       291.41906
          885.5      306.352253
            886      299.134596
          886.5       305.49193
            887      302.555011
          887.5       296.62462
            888      307.885886
          888.5      307.447574
            889      304.360445
          889.5      301.602508
            890      313.468628
          890.5       290.06223
            891      293.737223
          891.5      305.772542
            892       314.04433
          892.5      310.215532
            893      296.539064
          893.5      312.175205
            894      295.293784
          894.5      308.876863
            895      284.874361
          895.5      291.477382
            896      290.279688
          896.5      306.437304
            897      307.813333
          897.5      288.037681
            898      289.419032
          898.5      299.032968
            899      306.683968
          899.5      292.469545
            900      295.774828
          900.5      305.446449
            901      292.462429
          901.5      316.481571
            902      306.552805
          902.5      303.543322
            903         303.932
          903.5      300.230979
            904      304.622643
          904.5      300.215838
            905      293.947539
          905.5       282.41431
            906      305.870184
          906.5      289.688597
            907      282.822564
          907.5      299.059091
            908      294.328272
          908.5      293.210255
            909      287.643707
          909.5      295.293744
            910      305.919747
          910.5       321.91885
            911      293.840911
          911.5      271.266501
            912      304.697283
          912.5      282.816889
            913      307.449275
          913.5      285.169662
            914      291.425799
          914.5      321.632296
            915      316.269822
          915.5      306.478177
            916      286.473459
          916.5      300.395373
            917      295.753356
          917.5      301.006451
            918      290.268476
          918.5       306.59235
            919      306.593448
          919.5      283.398101
            920      302.494439
          920.5      292.759021
            921      300.497051
          921.5      292.201635
            922       312.28487
          922.5      301.223602
            923      293.157919
          923.5      299.620922
            924      293.385051
          924.5      314.101685
            925      282.554153
          925.5       294.87101
            926      314.098599
          926.5      300.667595
            927      298.225164
          927.5      296.763501
            928      296.442545
          928.5      302.714989
            929       286.43301
          929.5      297.696676
            930      290.196176
          930.5      302.795845
            931      316.589424
          931.5      314.900618
            932      310.616796
          932.5      288.611645
            933      302.549987
          933.5      310.297754
            934      302.964096
          934.5      307.920613
            935      292.906486
          935.5      256.308453
            936       305.40261
          936.5      291.609872
            937      303.372561
          937.5      297.445381
            938      297.832994
          938.5      304.455013
            939       303.04563
          939.5      299.135594
            940       292.94334
          940.5      302.434982
            941      302.846294
          941.5      306.840476
            942      306.313099
          942.5      304.664157
            943      295.232753
          943.5      293.561555
            944      316.417203
          944.5      290.784383
            945      298.259682
          945.5      313.797348
            946      296.932781
          946.5      288.724302
            947      301.825251
          947.5      297.921348
            948      302.571954
          948.5      298.225319
            949      293.943895
          949.5      284.811227
            950       310.42772
          950.5      287.720586
            951      288.954159
          951.5      293.259354
            952      294.472326
          952.5      311.587194
            953      291.859543
          953.5      301.169179
            954      297.798015
          954.5      303.145084
            955      306.074886
          955.5      307.385848
            956      300.269504
          956.5      297.656265
            957      285.720326
          957.5      316.564185
            958      291.509242
          958.5       297.12079
            959      311.917455
          959.5      302.733889
            960      308.728088
          960.5      292.889072
            961       300.55543
          961.5      286.923609
            962      303.747957
          962.5      291.850018
            963      301.978127
          963.5      297.663989
            964      291.739617
          964.5      309.275473
            965      331.016234
          965.5      310.336699
            966      288.749502
          966.5      302.397438
            967      308.216481
          967.5      294.015814
            968      305.716121
          968.5      298.130798
            969      295.949231
          969.5      297.153291
            970      314.491447
          970.5      302.001539
            971      304.294105
          971.5       304.45709
            972      295.684915
          972.5      303.534378
            973      315.997423
          973.5      293.346038
            974      316.963389
          974.5      308.415196
            975      284.039442
          975.5      311.728875
            976      299.157859
          976.5      308.160767
            977      307.990164
          977.5      293.507987
            978      310.949249
          978.5      296.421321
            979      306.883272
          979.5      303.249738
            980      327.573617
          980.5      318.467672
            981      303.035999
          981.5      282.439102
            982      289.548065
          982.5      298.695668
            983      314.439365
          983.5      321.672263
            984      298.671778
          984.5      307.151282
            985      303.760792
          985.5      310.021568
            986      290.973497
          986.5      310.205733
            987      316.469942
          987.5      296.544569
            988      279.798828
          988.5      293.573459
            989      305.023634
          989.5       294.25158
            990       298.62746
          990.5      293.320982
            991      280.304656
          991.5      307.833811
            992      306.285206
          992.5      294.809051
            993       301.45131
          993.5      307.622882
            994      297.080857
          994.5      290.389931
            995      309.968557
          995.5      296.026369
            996      304.270176
          996.5      309.973478
            997      276.245681
          997.5      300.053816
            998      293.085871
          998.5      283.105544
            999        308.9076
          999.5      312.581241
