#          time          totpot
              0     -223998.354
            0.5     -223897.882
              1     -223674.158
            1.5     -224707.073
              2     -224037.084
            2.5     -224350.324
              3     -224238.801
            3.5     -223932.601
              4     -224552.641
            4.5     -224499.271
              5     -224038.896
            5.5     -224578.861
              6     -223973.095
            6.5     -223806.071
              7     -223872.772
            7.5     -223731.269
              8     -223961.566
            8.5     -224605.024
              9      -224122.12
            9.5     -224395.735
             10     -223996.223
           10.5     -224053.335
             11     -223504.209
           11.5     -223577.289
             12     -224267.583
           12.5     -224197.746
             13     -224234.362
           13.5     -223995.261
             14     -223968.201
           14.5     -223348.629
             15      -223682.14
           15.5     -223584.963
             16     -224524.077
           16.5     -224205.226
             17     -224510.332
           17.5     -224335.688
             18      -223885.61
           18.5     -223678.794
             19     -223963.245
           19.5     -224161.106
             20     -224167.885
           20.5     -223327.811
             21      -224510.82
           21.5     -224269.972
             22     -224449.326
           22.5     -224305.767
             23     -223922.097
           23.5     -224697.174
             24     -224816.916
           24.5     -224509.677
             25     -224755.755
           25.5     -224356.834
             26     -224577.288
           26.5     -224415.253
             27      -224546.65
           27.5     -224572.457
             28     -224435.286
           28.5     -224496.516
             29     -224128.672
           29.5     -224434.442
             30      -224334.28
           30.5     -223795.693
             31     -224560.874
           31.5     -224384.712
             32     -223965.942
           32.5     -224103.609
             33     -224135.413
           33.5     -223937.597
             34     -224296.509
           34.5      -224434.89
             35     -224526.872
           35.5     -224524.399
             36     -224364.941
           36.5     -223879.105
             37     -224579.405
           37.5     -224202.844
             38     -223842.262
           38.5     -223893.105
             39     -223481.583
           39.5     -223760.096
             40      -224495.75
           40.5     -224062.118
             41     -223633.953
           41.5     -223532.156
             42     -223704.127
           42.5     -223928.389
             43     -223622.075
           43.5     -224270.513
             44     -223819.384
           44.5     -223641.874
             45     -223857.642
           45.5     -223916.402
             46     -224196.597
           46.5     -224156.189
             47     -224015.454
           47.5      -224271.38
             48     -223586.673
           48.5     -224400.626
             49     -224196.904
           49.5     -224404.604
             50     -224160.965
           50.5     -224471.857
             51     -224280.338
           51.5     -223918.509
             52     -224277.276
           52.5     -224115.988
             53     -224497.894
           53.5     -224354.412
             54     -224082.871
           54.5     -224248.999
             55     -223700.707
           55.5     -223889.386
             56     -223901.224
           56.5     -224274.154
             57     -223875.572
           57.5     -224209.068
             58     -224503.907
           58.5     -224674.134
             59     -224306.019
           59.5     -224351.774
             60     -224623.357
           60.5     -224393.222
             61     -224334.536
           61.5     -224198.724
             62     -224003.764
           62.5     -224311.647
             63     -223943.664
           63.5     -223925.364
             64     -224196.436
           64.5     -224032.546
             65     -223983.235
           65.5     -224372.007
             66     -224051.584
           66.5     -224155.518
             67     -224147.734
           67.5     -223580.909
             68     -223958.681
           68.5      -223759.05
             69      -224404.59
           69.5     -223880.453
             70      -224151.33
           70.5     -223858.596
             71      -223567.23
           71.5     -223754.501
             72     -224367.066
           72.5     -224958.337
             73     -224090.469
           73.5     -223966.121
             74     -223737.969
           74.5     -224175.683
             75     -223680.884
           75.5     -223744.718
             76     -224646.043
           76.5     -224680.736
             77     -224491.476
           77.5     -223925.372
             78     -224460.318
           78.5     -224436.616
             79     -224330.441
           79.5     -224306.389
             80     -224208.227
           80.5      -223885.91
             81     -224243.433
           81.5     -224246.796
             82     -224171.329
           82.5     -224580.323
             83      -223933.55
           83.5     -224189.582
             84     -224746.742
           84.5     -224539.038
             85     -224219.167
           85.5     -224364.167
             86     -224263.315
           86.5     -224104.722
             87     -223933.707
           87.5     -223747.865
             88      -224191.76
           88.5     -224375.563
             89     -223993.784
           89.5     -224830.817
             90      -224669.97
           90.5     -225005.361
             91      -224555.57
           91.5     -224262.818
             92     -224278.722
           92.5     -224509.753
             93     -224041.739
           93.5     -224011.541
             94     -223771.346
           94.5     -224359.728
             95     -224491.381
           95.5     -224345.436
             96     -224200.501
           96.5     -224540.158
             97     -224323.744
           97.5     -224057.944
             98     -223786.662
           98.5     -224266.717
             99     -223586.323
           99.5     -223585.996
            100     -224135.497
          100.5     -224178.329
            101     -224796.001
          101.5      -224209.71
            102     -224187.515
          102.5     -224000.216
            103     -223815.571
          103.5     -224252.219
            104     -223916.751
          104.5     -224283.547
            105     -223973.721
          105.5     -224611.344
            106     -224531.192
          106.5     -224626.726
            107      -224468.91
          107.5      -224542.77
            108     -224216.807
          108.5     -224455.016
            109     -224637.671
          109.5      -224066.77
            110     -223984.373
          110.5     -223729.855
            111     -224744.477
          111.5     -224035.802
            112     -224635.367
          112.5     -224180.147
            113     -225166.917
          113.5     -224485.272
            114     -224358.531
          114.5      -225107.43
            115     -224983.035
          115.5     -224825.966
            116     -224206.964
          116.5     -224480.595
            117       -224085.9
          117.5      -224348.33
            118     -224456.776
          118.5      -223923.48
            119     -224850.017
          119.5     -224259.878
            120     -224314.382
          120.5     -224378.595
            121     -224466.259
          121.5     -224180.561
            122     -223653.322
          122.5      -223641.45
            123     -223732.195
          123.5     -224323.702
            124     -224062.662
          124.5     -224543.841
            125     -223975.995
          125.5     -224345.844
            126     -223901.916
          126.5     -223912.489
            127     -224193.241
          127.5     -224608.854
            128     -224122.007
          128.5     -224538.133
            129     -224258.899
          129.5     -223744.667
            130     -223898.924
          130.5     -223843.202
            131      -224266.78
          131.5     -224249.692
            132     -224570.582
          132.5     -223225.427
            133     -223814.383
          133.5     -223716.429
            134     -223856.728
          134.5     -224112.643
            135     -224272.703
          135.5     -224500.613
            136     -224088.687
          136.5     -224514.071
            137     -224871.323
          137.5     -224520.793
            138     -224170.479
          138.5     -223999.771
            139     -223644.626
          139.5     -224175.297
            140     -224024.157
          140.5     -224373.617
            141     -224738.375
          141.5     -224136.285
            142     -224073.794
          142.5     -224128.558
            143     -224090.429
          143.5     -223824.072
            144     -224393.406
          144.5     -224676.346
            145     -224407.017
          145.5     -224710.735
            146     -224561.191
          146.5     -223989.089
            147     -224786.011
          147.5     -224678.113
            148     -224211.509
          148.5     -224168.474
            149     -223977.332
          149.5     -224343.528
            150     -223893.287
          150.5     -224007.457
            151     -224107.482
          151.5     -224463.106
            152     -224531.798
          152.5     -223857.618
            153     -224492.769
          153.5     -224208.971
            154     -223783.312
          154.5     -223834.908
            155     -224007.557
          155.5     -224141.508
            156     -223768.324
          156.5     -224468.492
            157     -224793.276
          157.5     -223987.685
            158     -224265.267
          158.5     -224450.716
            159     -224407.446
          159.5     -224391.215
            160     -224758.736
          160.5     -224489.873
            161     -223746.176
          161.5      -223965.95
            162     -224224.846
          162.5      -224531.79
            163     -223639.117
          163.5     -224022.801
            164     -223840.101
          164.5     -223998.568
            165     -223882.518
          165.5     -224221.128
            166     -223845.549
          166.5     -223483.827
            167     -224768.448
          167.5     -224182.715
            168      -224267.69
          168.5     -224682.182
            169     -224586.602
          169.5     -224490.806
            170     -223905.273
          170.5     -224419.849
            171     -223704.895
          171.5     -223873.346
            172     -224240.432
          172.5     -224244.536
            173      -224546.41
          173.5     -224262.419
            174     -224446.308
          174.5     -224058.485
            175     -224323.677
          175.5     -224158.889
            176     -224126.712
          176.5     -223845.022
            177     -223850.352
          177.5     -224395.611
            178     -224306.301
          178.5     -224134.347
            179     -223818.036
          179.5     -223976.213
            180      -224186.81
          180.5     -224003.897
            181     -223707.633
          181.5     -223657.308
            182     -224040.007
          182.5     -223782.214
            183     -224120.753
          183.5     -223777.052
            184     -224378.238
          184.5     -223697.405
            185     -224503.669
          185.5     -224167.744
            186     -224337.392
          186.5     -223941.615
            187     -223994.494
          187.5      -223617.88
            188     -224364.395
          188.5     -224081.506
            189     -224659.289
          189.5     -224782.143
            190     -224865.105
          190.5     -224158.945
            191     -225055.716
          191.5     -224423.816
            192     -223949.799
          192.5     -223325.764
            193      -224366.02
          193.5     -223962.679
            194     -223358.259
          194.5     -223632.879
            195     -223810.952
          195.5     -224245.146
            196     -223901.119
          196.5     -223848.282
            197     -223978.487
          197.5     -224592.885
            198     -224330.223
          198.5     -224035.663
            199     -223903.225
          199.5      -224110.33
            200     -223990.743
          200.5     -224159.263
            201     -224677.213
          201.5     -224550.793
            202     -224622.323
          202.5     -224216.935
            203     -224142.808
          203.5     -224304.937
            204     -224347.244
          204.5     -224048.694
            205       -224511.8
          205.5     -224192.189
            206     -224654.251
          206.5     -224109.433
            207     -223838.297
          207.5     -223773.807
            208     -223901.906
          208.5     -223985.539
            209     -224118.232
          209.5     -224574.036
            210     -223901.154
          210.5     -224064.554
            211     -224439.746
          211.5     -223958.681
            212     -224256.378
          212.5     -223991.633
            213      -224251.11
          213.5     -224656.134
            214     -224930.508
          214.5     -224434.567
            215      -223940.89
          215.5     -224047.527
            216     -224699.413
          216.5     -224031.557
            217     -224015.922
          217.5     -224306.765
            218      -224143.27
          218.5     -224231.043
            219     -224130.727
          219.5     -223645.752
            220     -224229.671
          220.5     -223587.132
            221     -224175.508
          221.5     -224319.185
            222     -224038.747
          222.5     -224531.007
            223     -224015.465
          223.5     -223325.801
            224     -224239.635
          224.5     -224305.579
            225     -224277.877
          225.5     -224261.147
            226     -224618.514
          226.5     -223835.051
            227     -223566.779
          227.5     -223950.902
            228      -223989.91
          228.5     -224312.899
            229     -224633.112
          229.5      -223993.65
            230     -224319.744
          230.5     -224526.016
            231     -224464.513
          231.5     -223885.069
            232     -224233.194
          232.5     -223948.181
            233     -224532.067
          233.5     -224549.507
            234     -224172.057
          234.5      -224092.36
            235     -224206.905
          235.5     -223979.026
            236      -223388.51
          236.5      -223818.02
            237     -224116.729
          237.5     -223789.885
            238     -224278.794
          238.5     -224431.798
            239      -224573.62
          239.5      -223891.37
            240     -224278.069
          240.5       -224821.5
            241     -224256.349
          241.5     -223637.134
            242     -223893.184
          242.5     -224253.035
            243     -223778.367
          243.5     -224620.712
            244     -224416.826
          244.5     -224268.929
            245      -224151.38
          245.5     -225186.273
            246      -224451.91
          246.5     -223654.498
            247     -224461.445
          247.5     -224408.029
            248     -224538.698
          248.5     -223930.818
            249     -223974.939
          249.5     -224411.791
            250     -224127.104
          250.5      -224595.38
            251      -224366.12
          251.5     -224247.365
            252     -224596.507
          252.5     -224588.731
            253      -224067.44
          253.5     -224489.994
            254     -224766.344
          254.5     -224649.024
            255     -224141.392
          255.5     -224331.222
            256     -224239.173
          256.5     -224159.261
            257     -224514.757
          257.5     -224085.834
            258     -224792.287
          258.5     -223985.974
            259     -224203.215
          259.5     -224123.252
            260     -224600.306
          260.5     -224906.197
            261     -224184.532
          261.5     -224087.803
            262     -224170.113
          262.5     -224123.371
            263     -224254.119
          263.5     -223969.608
            264     -224227.447
          264.5     -224299.414
            265     -224454.804
          265.5     -224193.264
            266     -224746.144
          266.5     -224293.305
            267     -224633.335
          267.5     -224091.461
            268     -224235.321
          268.5     -224239.924
            269      -224101.19
          269.5     -224398.128
            270     -224206.667
          270.5     -224249.858
            271      -223603.99
          271.5     -224518.196
            272      -223668.37
          272.5     -223589.045
            273     -223736.539
          273.5     -224312.847
            274     -224191.162
          274.5     -223759.464
            275     -224390.481
          275.5     -224412.065
            276     -223729.556
          276.5     -223970.693
            277      -224513.01
          277.5     -224528.934
            278     -224959.444
          278.5     -224307.001
            279     -224092.827
          279.5     -224116.056
            280     -224613.416
          280.5     -224531.228
            281     -224182.039
          281.5     -224349.026
            282       -223820.9
          282.5     -223398.608
            283     -223838.118
          283.5      -223997.55
            284     -224102.104
          284.5     -224559.542
            285     -224815.974
          285.5     -224238.332
            286     -224312.758
          286.5      -224661.08
            287     -224046.082
          287.5     -224583.796
            288     -224388.658
          288.5     -223968.089
            289     -224301.205
          289.5     -224498.072
            290     -225202.407
          290.5     -224736.535
            291     -224486.799
          291.5     -224118.448
            292     -224260.404
          292.5     -223632.103
            293     -223469.538
          293.5     -223784.357
            294     -224092.014
          294.5     -223342.962
            295      -224058.91
          295.5     -223954.349
            296     -223677.823
          296.5      -224497.16
            297       -223628.3
          297.5     -223905.054
            298     -224078.606
          298.5     -224824.595
            299     -224428.266
          299.5     -224355.872
            300     -224453.879
          300.5      -223757.99
            301     -224590.496
          301.5     -223995.956
            302     -223176.185
          302.5     -224465.271
            303     -224011.426
          303.5     -223952.951
            304     -224343.388
          304.5     -224162.178
            305     -223986.177
          305.5     -223733.718
            306     -224015.951
          306.5     -223784.696
            307     -223755.058
          307.5     -224246.086
            308     -224287.145
          308.5     -224541.107
            309     -224744.022
          309.5     -224613.017
            310     -224443.558
          310.5     -224016.873
            311     -223807.566
          311.5     -224362.141
            312     -223884.654
          312.5     -224075.404
            313     -223202.166
          313.5     -223868.628
            314      -224229.21
          314.5     -224119.308
            315     -224176.026
          315.5     -224162.596
            316     -223375.751
          316.5     -224203.091
            317     -224165.118
          317.5     -224584.829
            318     -223947.378
          318.5      -223954.65
            319     -223992.481
          319.5     -224004.108
            320     -223935.205
          320.5     -224145.879
            321      -224380.14
          321.5     -223622.661
            322     -224670.532
          322.5     -224602.625
            323     -224081.017
          323.5     -224214.089
            324     -223914.735
          324.5      -224000.77
            325     -223795.456
          325.5     -223401.122
            326     -224042.089
          326.5     -223870.114
            327     -224222.796
          327.5     -224089.622
            328     -223788.348
          328.5     -224528.024
            329     -223355.024
          329.5     -223644.637
            330     -223763.892
          330.5     -223783.154
            331     -224288.174
          331.5     -224555.793
            332     -224505.211
          332.5     -224107.381
            333     -224480.881
          333.5     -223644.082
            334     -224410.872
          334.5     -224420.475
            335     -223849.612
          335.5     -224417.997
            336     -224067.067
          336.5     -224093.745
            337     -223880.804
          337.5     -224116.639
            338     -224174.089
          338.5     -223899.852
            339     -224227.994
          339.5      -223992.31
            340     -223996.078
          340.5     -224207.632
            341     -224255.182
          341.5     -224116.386
            342     -224083.131
          342.5     -224100.941
            343     -224328.402
          343.5      -223971.76
            344     -224523.568
          344.5       -224351.5
            345     -224195.067
          345.5     -224006.536
            346     -224379.747
          346.5     -224562.407
            347     -224305.516
          347.5     -224088.956
            348     -223749.276
          348.5     -224136.326
            349     -224138.397
          349.5     -224489.334
            350     -224266.871
          350.5     -224476.511
            351     -224044.505
          351.5     -224084.529
            352     -223869.567
          352.5     -223537.871
            353     -224228.614
          353.5     -224165.565
            354     -224214.325
          354.5     -224462.626
            355     -224044.595
          355.5      -224242.66
            356     -224281.414
          356.5     -224125.839
            357      -223934.75
          357.5     -224238.673
            358     -224073.325
          358.5     -223873.176
            359     -224288.414
          359.5     -224085.791
            360     -224362.428
          360.5     -224733.248
            361     -224293.265
          361.5      -223733.01
            362     -223782.294
          362.5     -224513.062
            363     -223998.793
          363.5      -224206.29
            364     -224145.718
          364.5     -223346.982
            365     -223703.319
          365.5     -223768.923
            366     -223840.673
          366.5     -224176.992
            367     -223872.516
          367.5     -224272.691
            368     -223667.462
          368.5     -224170.997
            369     -223642.869
          369.5     -223980.787
            370     -223980.576
          370.5      -224531.57
            371     -224169.454
          371.5     -224708.684
            372     -225020.698
          372.5     -224437.571
            373     -224263.245
          373.5     -224451.337
            374     -224288.391
          374.5      -224050.49
            375     -224662.832
          375.5     -223735.386
            376     -224377.928
          376.5     -224382.775
            377     -223935.524
          377.5     -224295.838
            378     -225206.325
          378.5     -224617.075
            379     -224648.275
          379.5     -225123.418
            380      -224199.63
          380.5     -223868.552
            381     -224239.717
          381.5     -224258.162
            382     -224905.321
          382.5     -223877.734
            383     -224328.703
          383.5     -224122.283
            384      -224895.19
          384.5     -224463.044
            385      -223994.79
          385.5     -223713.606
            386     -224225.689
          386.5       -224510.5
            387     -224330.372
          387.5     -224622.267
            388      -224208.08
          388.5      -224630.88
            389     -224235.627
          389.5     -224184.517
            390     -224119.181
          390.5     -223923.507
            391     -224143.371
          391.5     -223804.049
            392     -224522.048
          392.5     -224002.002
            393     -225080.777
          393.5     -224676.599
            394     -224467.152
          394.5      -224318.85
            395     -224147.543
          395.5     -224586.593
            396     -224336.124
          396.5     -224005.024
            397     -223845.278
          397.5     -224094.477
            398     -223790.021
          398.5     -224227.641
            399     -223555.851
          399.5     -224050.125
            400     -223912.769
          400.5     -223853.365
            401     -223755.089
          401.5     -224051.762
            402     -224241.042
          402.5     -223911.301
            403     -224286.308
          403.5     -223787.544
            404     -224206.564
          404.5     -224365.386
            405     -224202.621
          405.5     -224265.696
            406     -223974.462
          406.5     -224548.686
            407     -225079.535
          407.5     -223934.266
            408     -224093.258
          408.5     -224284.378
            409     -224531.613
          409.5     -224821.444
            410     -224210.816
          410.5     -224290.938
            411     -224293.998
          411.5     -224230.252
            412     -224517.486
          412.5     -224179.566
            413     -223532.138
          413.5     -224408.666
            414     -223865.176
          414.5     -224960.184
            415     -224744.588
          415.5     -224229.378
            416     -224409.953
          416.5      -224513.86
            417     -224328.484
          417.5      -224352.83
            418     -223936.431
          418.5     -224284.561
            419     -224311.106
          419.5     -224387.391
            420     -224448.425
          420.5     -224861.727
            421     -225008.801
          421.5     -224290.318
            422      -224432.61
          422.5     -223979.366
            423     -224192.531
          423.5     -224590.515
            424     -224163.558
          424.5     -224998.429
            425     -224500.003
          425.5     -224431.451
            426     -224706.302
          426.5     -224663.982
            427      -224287.94
          427.5     -223875.879
            428      -223737.32
          428.5     -224543.163
            429     -223504.389
          429.5      -223657.33
            430     -224378.846
          430.5     -224489.277
            431     -224206.855
          431.5     -223919.601
            432      -223800.05
          432.5     -224337.772
            433     -223675.968
          433.5     -224028.118
            434     -223954.994
          434.5     -224223.068
            435     -224400.576
          435.5     -224397.757
            436     -224130.426
          436.5      -223622.37
            437      -223911.48
          437.5     -224631.532
            438     -224345.033
          438.5     -224916.109
            439     -224684.329
          439.5     -223716.582
            440     -224080.802
          440.5     -224137.172
            441     -224260.878
          441.5     -224163.982
            442     -223893.079
          442.5      -223870.11
            443     -224016.862
          443.5     -223672.773
            444     -224239.098
          444.5     -224390.811
            445     -224016.651
          445.5     -224779.842
            446     -224500.215
          446.5     -224644.417
            447     -223711.637
          447.5     -224366.157
            448      -224132.48
          448.5     -224438.615
            449     -223869.975
          449.5      -223815.05
            450     -224052.576
          450.5     -223896.081
            451     -223252.131
          451.5     -224250.352
            452     -224328.116
          452.5     -224698.758
            453     -224919.556
          453.5     -224422.654
            454     -224227.854
          454.5      -223914.97
            455     -224003.451
          455.5     -224282.713
            456     -224722.328
          456.5     -224323.343
            457     -223911.185
          457.5     -224326.671
            458     -223893.743
          458.5      -224312.97
            459     -224293.526
          459.5      -224973.84
            460     -224346.285
          460.5     -223713.701
            461      -224276.63
          461.5     -224633.792
            462     -224756.455
          462.5     -224029.203
            463     -224435.177
          463.5     -224828.599
            464     -224387.727
          464.5     -224431.071
            465     -224624.571
          465.5     -224869.378
            466     -224551.698
          466.5     -224762.564
            467     -224777.767
          467.5     -224734.905
            468     -224552.789
          468.5     -224315.114
            469      -224360.85
          469.5     -224850.172
            470     -224884.981
          470.5     -224258.376
            471     -224348.436
          471.5     -223878.747
            472     -224412.908
          472.5      -223723.24
            473     -224503.192
          473.5     -224594.557
            474     -224068.855
          474.5     -224380.565
            475     -224017.271
          475.5     -223791.683
            476     -224211.224
          476.5     -224582.977
            477     -224326.101
          477.5     -224324.751
            478     -224352.401
          478.5     -224398.263
            479     -223967.028
          479.5     -224861.807
            480     -224187.238
          480.5     -224344.237
            481     -224876.677
          481.5      -224530.17
            482     -224701.714
          482.5     -224650.999
            483     -223842.538
          483.5     -223872.962
            484     -224822.159
          484.5     -225052.805
            485     -223883.571
          485.5     -224491.152
            486     -224166.908
          486.5     -224480.003
            487     -224518.611
          487.5     -224547.465
            488     -224281.677
          488.5     -224729.452
            489     -224648.776
          489.5     -223950.433
            490     -224285.842
          490.5      -224363.41
            491     -224370.972
          491.5     -223782.711
            492      -224640.05
          492.5     -224491.938
            493     -224297.791
          493.5     -224411.604
            494     -224361.353
          494.5     -224403.051
            495     -224139.878
          495.5     -224311.341
            496     -224036.312
          496.5      -224128.77
            497      -224205.23
          497.5     -224110.749
            498     -224045.505
          498.5     -224267.983
            499     -224366.174
          499.5     -224255.453
            500     -223840.028
          500.5     -224071.325
            501     -224278.546
          501.5     -224462.081
            502     -223988.126
          502.5     -224185.253
            503     -224250.481
          503.5     -224772.853
            504     -224742.272
          504.5     -224721.454
            505     -224716.464
          505.5     -224642.294
            506     -224308.399
          506.5     -224301.382
            507     -225189.595
          507.5     -224113.326
            508     -224227.279
          508.5     -224156.552
            509     -223518.772
          509.5     -224230.894
            510     -223699.692
          510.5     -223787.935
            511     -223932.051
          511.5      -224259.23
            512     -224285.627
          512.5     -224674.797
            513     -224243.674
          513.5     -224279.241
            514     -224425.113
          514.5     -223957.921
            515     -223590.793
          515.5     -224543.169
            516     -224033.295
          516.5      -223957.78
            517     -224294.574
          517.5     -223729.664
            518     -223412.636
          518.5     -224184.946
            519     -223932.452
          519.5     -223900.452
            520     -223713.108
          520.5     -224313.741
            521     -223983.849
          521.5     -224085.682
            522     -224460.046
          522.5     -224158.611
            523     -223849.079
          523.5     -223976.302
            524     -224068.244
          524.5     -224676.519
            525     -224096.528
          525.5     -224272.152
            526     -223932.488
          526.5     -223773.508
            527      -224232.33
          527.5      -224385.98
            528      -224169.61
          528.5     -224375.625
            529     -224301.072
          529.5     -224005.567
            530     -224216.129
          530.5     -224317.183
            531         -224387
          531.5     -224766.025
            532     -224870.041
          532.5     -224653.664
            533     -224263.371
          533.5     -223943.326
            534     -224004.826
          534.5     -223926.534
            535      -224322.08
          535.5     -224552.159
            536      -224050.41
          536.5     -224183.948
            537     -224300.989
          537.5     -224504.632
            538     -224370.206
          538.5     -224730.854
            539      -224236.38
          539.5     -223863.483
            540     -224294.889
          540.5     -223929.769
            541     -223743.648
          541.5     -224345.763
            542     -224462.233
          542.5     -224542.639
            543     -224148.233
          543.5     -223748.254
            544     -223878.958
          544.5     -224295.468
            545     -224521.241
          545.5     -224435.464
            546     -224026.275
          546.5     -224675.156
            547      -225371.84
          547.5     -225073.481
            548     -224499.779
          548.5     -224226.401
            549     -224521.398
          549.5     -224108.807
            550     -223811.022
          550.5     -223949.867
            551     -224330.584
          551.5     -224246.877
            552     -224205.106
          552.5     -224183.201
            553     -224273.993
          553.5     -224724.211
            554     -224094.993
          554.5     -224453.977
            555     -224070.284
          555.5     -224880.455
            556     -224694.236
          556.5     -224613.704
            557     -224123.191
          557.5     -224012.799
            558      -224504.75
          558.5     -224231.242
            559     -223919.377
          559.5     -223560.727
            560     -224009.695
          560.5     -224770.368
            561     -224738.563
          561.5     -224428.979
            562     -224361.555
          562.5     -224570.241
            563     -223803.568
          563.5     -224141.969
            564     -223947.011
          564.5     -224036.282
            565     -223951.422
          565.5     -224944.349
            566     -224427.027
          566.5     -224628.576
            567     -224450.173
          567.5     -224761.432
            568     -224551.361
          568.5     -224102.741
            569     -224354.399
          569.5     -224321.252
            570     -223904.834
          570.5     -224030.954
            571     -224217.352
          571.5     -224313.177
            572     -224453.494
          572.5     -223939.203
            573       -224392.5
          573.5     -223997.532
            574     -224598.369
          574.5     -224270.416
            575     -224861.307
          575.5     -224217.856
            576     -224813.254
          576.5     -224416.305
            577     -224323.855
          577.5     -224557.864
            578     -224359.789
          578.5     -224628.301
            579     -224476.568
          579.5     -224765.445
            580     -224634.003
          580.5     -224770.588
            581     -224577.133
          581.5     -224413.872
            582     -224245.432
          582.5     -224170.088
            583     -224570.614
          583.5     -224483.192
            584      -224002.38
          584.5     -224503.588
            585      -223639.13
          585.5     -224104.321
            586     -224392.692
          586.5     -223899.395
            587     -224479.389
          587.5     -223723.801
            588     -223861.632
          588.5     -223875.614
            589     -224520.796
          589.5     -223794.424
            590     -223947.229
          590.5     -224420.388
            591     -224345.886
          591.5     -224885.999
            592     -224368.623
          592.5      -224310.52
            593     -224634.865
          593.5     -224338.055
            594     -224250.015
          594.5     -224605.622
            595     -224979.533
          595.5     -224534.388
            596     -224776.925
          596.5     -224628.902
            597     -224526.291
          597.5     -224386.558
            598     -224043.036
          598.5     -224553.485
            599     -224139.927
          599.5     -223822.775
            600     -223665.808
          600.5      -224319.26
            601     -224004.219
          601.5     -223878.618
            602     -224284.963
          602.5     -224337.739
            603     -224481.197
          603.5     -223991.915
            604     -224418.832
          604.5     -223898.317
            605     -224253.579
          605.5     -224696.139
            606     -224353.006
          606.5     -224028.479
            607     -224582.909
          607.5     -223943.718
            608      -224081.63
          608.5     -224378.797
            609     -224552.627
          609.5     -224524.848
            610     -224407.683
          610.5     -223946.476
            611     -223542.964
          611.5     -223953.361
            612     -224497.316
          612.5     -224288.353
            613      -225225.34
          613.5     -224950.273
            614     -224469.261
          614.5     -224285.258
            615      -223891.46
          615.5     -224261.415
            616     -223679.194
          616.5      -223661.47
            617      -224607.12
          617.5     -224316.775
            618     -224538.949
          618.5     -224474.871
            619     -224330.277
          619.5     -224573.603
            620     -224463.147
          620.5     -224722.941
            621     -224164.663
          621.5     -224195.825
            622     -224237.738
          622.5     -224269.581
            623     -224238.807
          623.5     -223570.891
            624     -224313.318
          624.5     -224425.217
            625     -223828.796
          625.5     -223941.268
            626     -223948.888
          626.5     -224067.781
            627     -223769.517
          627.5     -224031.144
            628     -223716.413
          628.5     -224198.499
            629     -224228.678
          629.5     -224480.488
            630     -223983.523
          630.5     -224499.631
            631     -224205.836
          631.5     -224304.472
            632     -224292.952
          632.5     -223586.469
            633     -223963.587
          633.5     -223923.788
            634     -224623.617
          634.5     -223773.792
            635     -224478.846
          635.5     -223889.011
            636     -224134.218
          636.5     -223904.715
            637     -223959.043
          637.5     -224118.353
            638     -224469.729
          638.5     -224526.376
            639     -224787.979
          639.5     -224928.587
            640     -224272.496
          640.5     -223779.433
            641     -224168.557
          641.5     -224591.368
            642     -224938.409
          642.5     -224678.651
            643     -224717.241
          643.5     -224317.754
            644     -224464.285
          644.5     -224627.575
            645     -224604.058
          645.5     -224424.202
            646      -224762.31
          646.5     -224328.428
            647     -224784.627
          647.5     -224255.024
            648     -224059.349
          648.5     -224036.469
            649     -224122.382
          649.5     -223854.685
            650     -224182.965
          650.5     -224030.856
            651     -223747.174
          651.5     -223491.883
            652     -224079.008
          652.5     -223587.071
            653     -223434.801
          653.5     -223150.498
            654     -223778.147
          654.5     -224160.139
            655     -224570.826
          655.5     -224342.013
            656     -224184.663
          656.5     -223525.382
            657     -224517.037
          657.5     -223843.082
            658     -224015.017
          658.5     -224718.467
            659     -224026.089
          659.5     -224651.735
            660     -224609.951
          660.5     -224878.823
            661     -224754.497
          661.5     -224298.335
            662     -224214.187
          662.5     -223803.949
            663     -223649.483
          663.5     -224548.298
            664     -225018.498
          664.5     -224697.805
            665       -224644.2
          665.5      -224513.06
            666     -224650.956
          666.5     -224617.434
            667     -223915.718
          667.5       -224342.8
            668     -224161.271
          668.5     -224626.598
            669     -224675.728
          669.5     -224160.823
            670     -223845.684
          670.5     -224365.888
            671     -224732.071
          671.5     -224502.703
            672     -224213.663
          672.5     -224132.778
            673     -223988.399
          673.5     -224055.911
            674     -224059.677
          674.5     -224518.025
            675     -224231.305
          675.5     -224489.345
            676     -224313.817
          676.5     -224978.144
            677     -224604.923
          677.5     -224292.222
            678      -224411.22
          678.5     -224747.479
            679     -224692.426
          679.5     -224155.005
            680       -223887.6
          680.5     -223685.605
            681     -224436.741
          681.5     -223976.571
            682     -224286.152
          682.5     -224259.948
            683     -224690.901
          683.5     -224010.854
            684     -224159.397
          684.5     -224169.575
            685      -224569.97
          685.5     -224897.835
            686     -224561.198
          686.5     -224292.398
            687     -223812.224
          687.5     -224432.519
            688     -224215.461
          688.5      -224164.25
            689     -224139.198
          689.5     -224401.827
            690     -223763.245
          690.5     -223908.695
            691     -223727.199
          691.5     -224308.656
            692     -224119.614
          692.5      -223931.38
            693     -224001.844
          693.5     -224505.101
            694     -224482.497
          694.5     -223851.275
            695     -224335.946
          695.5     -224339.386
            696     -224621.677
          696.5     -224191.994
            697     -223545.295
          697.5     -224065.798
            698     -224220.469
          698.5     -223718.164
            699     -224271.412
          699.5      -224176.56
            700     -223854.903
          700.5     -224189.608
            701     -224015.038
          701.5     -223880.389
            702     -224176.952
          702.5     -223775.707
            703     -224109.636
          703.5     -224580.524
            704     -223859.185
          704.5     -223986.485
            705     -224242.122
          705.5      -224394.01
            706     -224495.163
          706.5      -224239.66
            707     -224631.497
          707.5     -224441.571
            708     -224879.149
          708.5     -224169.234
            709     -223984.227
          709.5     -224115.945
            710     -224173.573
          710.5     -224474.856
            711     -224459.325
          711.5     -224156.034
            712     -224224.285
          712.5     -224101.886
            713     -224008.775
          713.5      -224805.34
            714     -223569.638
          714.5     -224452.742
            715     -224291.979
          715.5     -223979.497
            716     -224246.426
          716.5     -223887.989
            717     -224105.991
          717.5     -224053.869
            718     -224254.728
          718.5      -224097.64
            719     -224430.642
          719.5     -224249.578
            720     -224442.158
          720.5      -224408.92
            721     -224599.074
          721.5     -224203.569
            722     -224612.683
          722.5     -223738.129
            723     -224504.031
          723.5     -224059.992
            724     -224905.557
          724.5     -224363.589
            725     -224617.076
          725.5     -224420.657
            726      -224297.39
          726.5     -224334.693
            727     -224837.909
          727.5     -224646.945
            728      -224377.91
          728.5      -224950.27
            729     -223943.437
          729.5     -224149.821
            730     -224877.743
          730.5     -224517.386
            731     -224957.244
          731.5     -224559.348
            732     -223999.596
          732.5     -224630.329
            733     -224154.598
          733.5      -223804.34
            734     -224346.664
          734.5     -224620.688
            735     -224623.811
          735.5     -224721.922
            736     -224210.212
          736.5      -225195.03
            737     -225218.535
          737.5     -224384.208
            738     -224677.136
          738.5      -224549.59
            739     -223996.266
          739.5     -223906.374
            740      -223828.96
          740.5     -224110.345
            741     -224159.645
          741.5     -224377.237
            742     -224063.366
          742.5     -224521.296
            743     -224261.349
          743.5     -224249.487
            744     -223810.003
          744.5     -224170.007
            745     -224215.838
          745.5     -224277.541
            746     -224708.963
          746.5     -223972.319
            747     -224270.495
          747.5     -224698.024
            748     -224338.032
          748.5     -224395.515
            749     -224587.141
          749.5     -223998.631
            750     -224469.896
          750.5     -224003.918
            751     -224732.783
          751.5     -224780.547
            752     -224237.648
          752.5     -224085.653
            753     -224484.301
          753.5     -224530.808
            754     -224088.588
          754.5     -223865.448
            755      -224245.01
          755.5     -224204.224
            756     -224180.397
          756.5      -223842.12
            757     -223923.792
          757.5     -223983.195
            758      -224779.04
          758.5     -224174.112
            759     -224545.386
          759.5     -224604.079
            760     -224726.821
          760.5      -224428.71
            761     -224062.032
          761.5     -224130.119
            762     -224817.412
          762.5     -223994.778
            763     -224436.253
          763.5     -224318.158
            764     -223951.965
          764.5     -224454.183
            765     -224048.274
          765.5     -224871.761
            766     -225069.359
          766.5     -224732.543
            767     -224529.238
          767.5     -224132.026
            768     -224322.391
          768.5     -224496.236
            769     -224632.305
          769.5     -224224.186
            770     -224403.271
          770.5     -224177.264
            771     -224917.903
          771.5     -224130.387
            772     -224069.311
          772.5     -224242.885
            773     -224664.171
          773.5     -224189.171
            774     -224321.858
          774.5     -224271.813
            775     -224063.285
          775.5     -224500.444
            776      -223950.37
          776.5     -224403.151
            777     -224254.203
          777.5     -223768.446
            778     -224319.416
          778.5     -224759.787
            779     -224454.806
          779.5     -223989.618
            780     -224490.166
          780.5     -224605.247
            781     -224437.292
          781.5     -224647.126
            782     -223909.757
          782.5     -224189.329
            783     -224735.636
          783.5     -224621.964
            784     -224292.267
          784.5     -224246.913
            785     -224077.944
          785.5     -223597.599
            786     -223824.957
          786.5     -224635.604
            787     -224449.884
          787.5     -224585.096
            788     -224620.969
          788.5     -225304.372
            789     -224452.443
          789.5      -224142.29
            790     -224437.178
          790.5     -223834.542
            791      -223786.91
          791.5     -224392.964
            792      -224180.53
          792.5     -224327.679
            793     -224120.818
          793.5     -224024.653
            794     -225023.416
          794.5     -224745.026
            795     -224359.158
          795.5     -224152.877
            796      -224725.58
          796.5     -224192.053
            797     -224197.443
          797.5     -224488.644
            798     -224381.591
          798.5     -223881.884
            799     -223780.709
          799.5     -224471.304
            800     -224633.527
          800.5     -224403.415
            801     -224578.665
          801.5     -224492.796
            802     -224679.144
          802.5     -224462.947
            803     -223925.027
          803.5     -224209.802
            804     -224207.075
          804.5     -224410.465
            805     -223720.386
          805.5     -224224.481
            806     -224043.707
          806.5     -224562.354
            807     -224095.319
          807.5     -224406.941
            808     -224300.161
          808.5      -224407.62
            809     -224027.783
          809.5     -223769.053
            810     -223833.995
          810.5     -223929.206
            811     -224112.177
          811.5     -224636.815
            812     -224330.315
          812.5     -224128.603
            813     -224099.773
          813.5     -224661.581
            814     -224110.227
          814.5      -224560.84
            815     -223793.418
          815.5     -224047.883
            816     -224185.853
          816.5     -224552.454
            817     -224556.444
          817.5     -224297.286
            818     -223957.566
          818.5     -223783.724
            819      -224909.43
          819.5     -224735.466
            820     -224423.732
          820.5     -224337.201
            821     -224713.765
          821.5     -224162.752
            822     -223952.472
          822.5     -224199.171
            823     -224520.736
          823.5     -224764.657
            824     -224162.151
          824.5     -224428.364
            825     -223650.313
          825.5     -224263.399
            826     -223930.836
          826.5     -224348.321
            827     -224481.084
          827.5     -224039.921
            828     -224648.071
          828.5     -224080.835
            829     -223831.129
          829.5       -224367.7
            830     -224014.776
          830.5     -224095.369
            831     -224342.134
          831.5     -224124.728
            832     -224365.101
          832.5     -224200.366
            833     -224199.343
          833.5     -224425.562
            834     -224281.943
          834.5     -223890.467
            835     -224569.433
          835.5     -224211.334
            836     -224546.195
          836.5     -224311.166
            837     -224472.333
          837.5     -224119.151
            838     -224919.994
          838.5      -224779.46
            839     -224553.294
          839.5     -224772.263
            840     -224165.893
          840.5     -223839.784
            841     -224134.613
          841.5     -223818.151
            842     -223946.662
          842.5      -223945.15
            843     -224148.489
          843.5     -224400.326
            844     -224281.006
          844.5      -223858.53
            845     -224055.294
          845.5      -224369.89
            846     -223727.063
          846.5     -224089.292
            847     -224042.352
          847.5     -224400.949
            848     -223923.279
          848.5     -224194.273
            849     -224592.098
          849.5     -224397.174
            850     -223940.851
          850.5     -224111.021
            851     -224533.884
          851.5     -224204.773
            852     -224094.096
          852.5     -224531.054
            853     -223169.246
          853.5     -224261.942
            854     -224294.757
          854.5     -223938.034
            855     -224291.876
          855.5     -224094.126
            856     -223604.098
          856.5     -224234.109
            857      -223969.73
          857.5     -223758.785
            858     -223489.235
          858.5     -223842.995
            859     -224635.587
          859.5      -224307.96
            860     -224252.777
          860.5     -224812.765
            861     -225189.819
          861.5     -224756.462
            862     -224286.129
          862.5     -224176.498
            863     -224259.569
          863.5     -224906.034
            864     -224388.591
          864.5     -224716.226
            865     -224262.512
          865.5     -224052.637
            866     -224243.886
          866.5     -224207.254
            867      -224714.28
          867.5     -224197.665
            868     -224196.897
          868.5     -224348.988
            869     -224653.091
          869.5     -224431.091
            870     -224367.664
          870.5      -224105.59
            871     -224547.292
          871.5     -224440.743
            872     -224103.193
          872.5     -223956.861
            873      -223940.44
          873.5     -223727.166
            874       -224197.9
          874.5     -223955.216
            875      -224144.07
          875.5     -223905.533
            876      -223655.92
          876.5     -224456.627
            877     -224383.069
          877.5     -223941.607
            878     -223816.759
          878.5     -224140.477
            879     -224407.917
          879.5     -223871.301
            880     -223748.666
          880.5     -224020.836
            881     -224219.638
          881.5     -224499.312
            882     -224633.847
          882.5     -224472.823
            883     -223962.462
          883.5     -224310.983
            884     -224256.633
          884.5     -224664.062
            885     -224287.998
          885.5     -224713.036
            886     -224252.767
          886.5     -224654.495
            887     -224394.649
          887.5     -224141.014
            888     -224482.798
          888.5     -224565.436
            889     -224723.754
          889.5     -224932.013
            890      -224425.53
          890.5     -224930.367
            891     -224469.678
          891.5     -224197.957
            892     -224460.755
          892.5     -224802.723
            893     -224185.427
          893.5     -224275.875
            894     -224811.918
          894.5     -224558.338
            895     -224316.628
          895.5      -224630.63
            896     -224899.101
          896.5     -223235.457
            897     -224268.055
          897.5     -223674.104
            898     -224089.961
          898.5     -224589.544
            899     -224384.449
          899.5     -224612.366
            900      -224225.17
          900.5     -223982.878
            901       -224258.4
          901.5     -223791.687
            902      -223933.34
          902.5     -224181.688
            903     -224274.964
          903.5     -224549.097
            904     -224677.467
          904.5     -225145.455
            905      -224331.24
          905.5     -224577.796
            906     -224306.621
          906.5     -224005.166
            907     -224448.745
          907.5     -224266.275
            908      -223902.66
          908.5     -224240.373
            909     -223692.193
          909.5     -224233.935
            910     -224864.623
          910.5     -225277.385
            911     -224057.445
          911.5     -224069.803
            912     -224572.009
          912.5      -224348.23
            913     -224389.694
          913.5     -225005.856
            914     -224054.223
          914.5     -223758.149
            915     -224193.043
          915.5     -224357.611
            916     -224075.419
          916.5     -223916.731
            917     -224062.661
          917.5     -223902.639
            918      -224308.25
          918.5     -224313.228
            919     -224659.466
          919.5     -224941.086
            920     -224764.187
          920.5     -224476.818
            921     -224087.805
          921.5     -224800.618
            922     -224568.091
          922.5     -224391.509
            923     -224722.592
          923.5     -224785.011
            924     -224037.169
          924.5     -224344.878
            925     -224534.535
          925.5     -223725.025
            926      -224134.53
          926.5     -223798.828
            927     -224009.032
          927.5     -224662.383
            928     -223095.655
          928.5     -223279.388
            929     -223813.212
          929.5     -224758.087
            930     -224340.198
          930.5     -224185.647
            931     -224214.438
          931.5     -224624.807
            932     -223573.723
          932.5     -223864.597
            933     -224342.289
          933.5     -223451.931
            934     -223982.451
          934.5     -224118.313
            935     -223806.736
          935.5     -224088.599
            936      -223825.85
          936.5     -223758.617
            937     -224258.866
          937.5     -224117.919
            938     -224422.063
          938.5     -224384.482
            939     -224239.088
          939.5     -224465.541
            940     -224387.087
          940.5     -224613.706
            941     -224894.336
          941.5     -224992.488
            942     -224679.402
          942.5      -224426.04
            943      -224587.33
          943.5     -224776.133
            944     -224802.435
          944.5     -224146.857
            945     -224019.857
          945.5     -223892.829
            946     -224685.233
          946.5     -224407.725
            947     -224380.477
          947.5     -224431.473
            948     -224251.684
          948.5     -224775.462
            949     -224254.135
          949.5      -224261.05
            950     -224287.591
          950.5     -224119.005
            951     -224185.934
          951.5     -224049.475
            952     -224143.374
          952.5     -224489.953
            953     -224644.925
          953.5     -224955.537
            954     -224400.087
          954.5     -224233.752
            955     -224014.752
          955.5     -224045.975
            956     -223736.954
          956.5     -223841.294
            957     -224330.747
          957.5     -224327.277
            958     -224226.155
          958.5     -223992.259
            959     -224233.853
          959.5     -224509.597
            960     -224733.928
          960.5     -224431.018
            961      -224275.35
          961.5     -224204.768
            962     -224218.814
          962.5     -224508.905
            963     -224791.649
          963.5     -224203.883
            964     -224188.946
          964.5     -224477.892
            965     -224704.712
          965.5     -224673.867
            966     -224122.892
          966.5     -224044.187
            967     -224198.925
          967.5     -223639.615
            968     -223225.632
          968.5     -223721.756
            969     -224028.848
          969.5     -224053.109
            970      -223706.01
          970.5     -223989.556
            971     -224388.875
          971.5     -224337.376
            972     -224622.079
          972.5     -224658.774
            973     -224391.172
          973.5     -223973.717
            974     -224446.848
          974.5     -224529.605
            975     -224781.114
          975.5     -224408.968
            976     -225022.951
          976.5     -224163.863
            977     -224147.431
          977.5      -224045.95
            978     -224292.461
          978.5     -224819.942
            979     -224751.586
          979.5     -224400.569
            980     -224268.525
          980.5     -224933.881
            981     -224531.239
          981.5     -224259.957
            982     -224514.226
          982.5     -224402.396
            983     -224676.971
          983.5     -224398.185
            984     -224744.502
          984.5     -224035.981
            985     -224269.383
          985.5     -223822.865
            986     -223841.618
          986.5     -223735.767
            987     -224135.969
          987.5     -224281.776
            988     -224219.154
          988.5     -223743.451
            989     -223992.103
          989.5     -223918.462
            990      -224462.58
          990.5     -224386.463
            991     -223602.507
          991.5     -223978.707
            992      -224139.99
          992.5     -224240.396
            993     -224081.308
          993.5     -224381.788
            994     -224064.766
          994.5     -224381.569
            995     -224236.274
          995.5     -224326.851
            996     -223998.522
          996.5      -224679.67
            997     -224683.956
          997.5     -224795.597
            998     -224448.263
          998.5     -223898.682
            999      -224090.57
          999.5     -224503.953
