#          time            dhdl
              0      37.7444181
              1      38.0516363
              2      35.1785501
              3      42.6163822
              4      48.8713993
              5      51.6699513
              6       48.319909
              7       50.392288
              8      60.5079863
              9      59.7642543
             10      52.1684922
             11      79.0797369
             12      61.3869388
             13      52.9273393
             14      83.9350257
             15      56.8301312
             16      73.4425297
             17      57.7178306
             18      59.8609808
             19      54.8326967
             20      45.4586989
             21        59.88552
             22       66.362668
             23       72.703313
             24      58.7163454
             25      46.0769453
             26      47.0594203
             27       47.990932
             28      72.2239971
             29      49.3279155
             30      52.9536478
             31      61.7519536
             32      51.4243199
             33      38.1070804
             34      40.5042597
             35      40.7627849
             36      62.1209212
             37      38.7950499
             38      55.4303139
             39      43.4829421
             40      70.9728352
             41      53.5472911
             42      46.1606969
             43      69.1629566
             44      52.8944429
             45      80.2970824
             46      63.9872987
             47       61.653373
             48      61.1996949
             49      49.4704654
             50      58.9689338
             51      54.5558667
             52      50.6873879
             53      68.1678471
             54      52.1351042
             55      39.3632493
             56      44.6064746
             57      51.7699761
             58      62.2222924
             59      41.6586706
             60      36.2966707
             61       69.916748
             62      77.2093207
             63      39.5701348
             64      72.6833584
             65      52.7103779
             66      54.6795287
             67      57.9333258
             68      42.2744275
             69      52.0823439
             70      56.8248602
             71      45.3702431
             72      51.0531887
             73      36.3097363
             74      49.7915353
             75       61.346519
             76      63.9100839
             77      49.0665554
             78      60.5429025
             79      57.3024371
             80      46.4982486
             81      74.5875117
             82      55.5904093
             83      66.9912251
             84      68.4267759
             85      47.8527412
             86      53.1921454
             87      49.0884948
             88      54.6589406
             89      55.3758392
             90      58.8260718
             91      54.2654185
             92      46.3721703
             93      50.6248924
             94      56.8469425
             95      49.8556601
             96       54.505415
             97      53.3939843
             98      55.8884088
             99      45.9434312
            100      35.2972926
            101      51.2251897
            102      57.6273685
            103       92.553443
            104      54.4165535
            105      61.9020205
            106      61.4807235
            107      50.8709958
            108      37.3723544
            109      42.0097101
            110      43.7039307
            111      55.0185878
            112      58.4447609
            113      69.9892107
            114      60.3629143
            115       65.522375
            116      52.5008855
            117      74.4698924
            118      36.8317774
            119      60.4584314
            120      50.4917085
            121      51.1351524
            122      55.9696884
            123      46.5326048
            124      59.0702168
            125      41.5280038
            126      51.6173673
            127      45.6769484
            128      57.4230335
            129      57.9453389
            130      55.6026946
            131      60.7082597
            132      36.8962555
            133       43.576506
            134      52.9602826
            135      56.5460452
            136      74.5893709
            137      59.3721929
            138       79.386437
            139      49.9681949
            140      56.2444328
            141       67.923217
            142      48.4246229
            143      39.1469896
            144      71.8835712
            145      52.2489393
            146       51.590089
            147      44.0531782
            148      63.1762074
            149      54.5509801
            150      45.8179072
            151      35.8858301
            152      50.8767869
            153      56.3777483
            154      70.2601615
            155      48.7965006
            156      61.1104816
            157      66.8331447
            158      42.1534892
            159      38.2859604
            160      60.0052085
            161      50.0615039
            162      63.8712577
            163      41.8974465
            164      56.5268716
            165      50.2947285
            166      42.7593711
            167      42.8583885
            168      50.9625519
            169      59.7563599
            170      47.8450727
            171      52.3218733
            172      53.8044673
            173      48.3640875
            174       47.437069
            175      46.1546042
            176      42.6804494
            177      58.4022219
            178       47.232585
            179      58.7362972
            180      49.5725618
            181      56.4891448
            182      61.6466968
            183      47.5909557
            184      59.5988513
            185      38.8199821
            186       46.189179
            187      83.6694369
            188      33.7245976
            189      74.1025003
            190      50.7211598
            191      54.7499323
            192      45.7157679
            193      54.9263878
            194      62.2387966
            195       47.570844
            196       63.077145
            197      37.0172716
            198      49.2827428
            199      50.7871018
            200      67.2808944
            201      60.6444145
            202      57.9360649
            203      52.5903054
            204      61.3847547
            205      63.0978616
            206      61.7433163
            207      49.0280682
            208      72.9872643
            209      36.5131355
            210      48.4177428
            211      43.2257798
            212      39.5312257
            213      63.0494359
            214      65.4727419
            215      80.6302783
            216       62.531835
            217      39.6737474
            218      46.1377202
            219      53.1462809
            220      54.5231246
            221      40.3061759
            222      56.3594346
            223      49.7531996
            224      82.3327795
            225      69.5925712
            226      49.6124498
            227      57.9245107
            228      52.3453429
            229      52.1367006
            230      53.8637981
            231       52.194883
            232      60.6869189
            233      54.0074001
            234      41.9641772
            235      59.4777133
            236      48.5959473
            237      76.2337974
            238      49.1791245
            239      56.9326153
            240      56.0099991
            241      49.9762839
            242      66.9789574
            243       47.018376
            244      48.6123578
            245      60.6815579
            246       68.926535
            247      63.1283662
            248      50.5901702
            249      39.5149682
            250      53.9782659
            251      49.7462398
            252       61.342061
            253      51.3151658
            254       54.231679
            255      42.3761165
            256      51.6701447
            257      61.6619923
            258      64.9126007
            259      74.1629774
            260      45.3620068
            261      75.1847628
            262      53.2776937
            263      52.9533815
            264      80.3336616
            265      58.0053597
            266      43.0738883
            267      63.7513364
            268      57.4979294
            269      48.8280364
            270      59.3284759
            271      52.7698611
            272         66.0189
            273      65.5103044
            274      74.3574932
            275      71.7756758
            276      52.8770914
            277      43.9814285
            278      42.1250845
            279      64.1449542
            280      48.3411098
            281      46.6353319
            282       52.233659
            283      52.4733441
            284      53.7965626
            285      52.3390846
            286      53.1676634
            287       68.482855
            288      47.2922709
            289      39.4982674
            290      53.3112282
            291       56.082033
            292      36.9658214
            293      51.6045768
            294      47.6043388
            295      46.5804367
            296      81.0148665
            297      54.4790536
            298      69.6137489
            299      46.8096183
            300      110.261994
            301      52.3424949
            302      52.0194845
            303       58.952047
            304      50.1975778
            305      38.0715142
            306      69.7379392
            307      58.0276772
            308      52.9589978
            309      59.4879956
            310       40.566489
            311      41.5933664
            312      43.8742319
            313      45.6365983
            314      42.0574746
            315      53.1904883
            316       42.493393
            317      35.4554426
            318      43.1640119
            319      58.3803052
            320      52.4682938
            321      35.5125838
            322      43.6430492
            323      53.6266406
            324      52.9589377
            325        60.23212
            326      44.7739625
            327      47.5575259
            328      51.0506185
            329      53.5099933
            330      55.8537466
            331      54.9720392
            332      56.9979386
            333      48.4364618
            334        48.96571
            335      42.8717461
            336      45.4851152
            337      40.7546309
            338      49.5142076
            339      80.9510232
            340      62.1464158
            341      48.0986819
            342      52.8511877
            343      43.2441657
            344      50.7232873
            345      43.7321966
            346      38.5639727
            347       50.749397
            348      69.4314291
            349      57.8223106
            350      46.6415686
            351      38.0190297
            352      48.8140085
            353      45.6600634
            354      52.5627281
            355      61.3156382
            356      68.6624441
            357      43.7169465
            358      45.0184145
            359      60.1968349
            360      96.8347735
            361      68.1725073
            362       64.751561
            363      56.1489305
            364      52.6150247
            365      48.8156809
            366       54.373396
            367      66.7637494
            368      84.7277088
            369      64.9752022
            370      49.9704093
            371      25.6848241
            372      57.0174886
            373      44.1622786
            374       59.097189
            375      50.4252143
            376      47.4889052
            377      59.6347836
            378       69.798965
            379      46.3606875
            380      66.7903204
            381      50.2078479
            382      43.7781705
            383      54.7264023
            384       66.835374
            385      56.2095481
            386      62.0461646
            387      73.8895068
            388      47.8536022
            389       62.501776
            390      70.4262764
            391      46.9680684
            392       56.945303
            393      47.9540067
            394      48.4602832
            395      58.2194577
            396      61.9591512
            397      59.0573183
            398      47.3511453
            399      44.9807155
            400      59.6370617
            401       74.380734
            402      36.6809534
            403      47.3461171
            404      51.8168902
            405      49.0605348
            406      43.7967997
            407      51.4051818
            408      65.9589704
            409      43.2119136
            410      58.1460355
            411       40.476932
            412      48.9634914
            413      82.4632155
            414      48.3135447
            415       54.735777
            416      56.5334383
            417      72.7409193
            418      63.9311612
            419      49.0635983
            420      44.3235899
            421       46.153768
            422      46.4796894
            423      32.6626321
            424      58.1458541
            425      69.6028386
            426      54.2559337
            427      62.6640262
            428      74.2140721
            429      60.5102914
            430      67.9969788
            431      66.9824768
            432      43.3971405
            433      38.0662678
            434      38.4708947
            435      53.7467849
            436      46.9741006
            437      50.7888696
            438      52.2730953
            439      68.1814701
            440      55.8692714
            441      54.4979425
            442      37.9453163
            443      50.2076506
            444      59.3235348
            445      61.1367883
            446      53.2535563
            447      67.0861498
            448      54.1746404
            449      65.9971881
            450      53.0132729
            451      52.0817934
            452      61.3291563
            453       66.465668
            454      54.7332933
            455      69.8345969
            456      61.3431646
            457      56.2244147
            458      50.9209796
            459      52.8812018
            460      66.1132279
            461      75.5676501
            462      47.0046162
            463      74.6411069
            464      66.9359998
            465      59.9702507
            466      69.1953953
            467      60.5867358
            468      55.2787018
            469      50.3416499
            470      65.4991676
            471      33.2636093
            472      43.9082639
            473      66.7975759
            474      61.3458379
            475      58.3516428
            476      62.9190307
            477      88.8226046
            478      51.0845399
            479      47.0531374
            480      56.9588999
            481      53.5738566
            482      45.1965174
            483      53.6692166
            484      67.4703257
            485      65.2093659
            486      57.9569027
            487      48.7486963
            488      49.9471903
            489      47.7520665
            490      52.6376767
            491      34.3861124
            492      54.0640866
            493       47.698946
            494      56.3333652
            495      60.0675031
            496      79.9666584
            497      57.5609058
            498      48.0208381
            499      77.7969714
            500      69.0339269
            501      52.1478386
            502      56.7509222
            503      66.8495459
            504      85.0752747
            505      62.2384271
            506      36.0755429
            507      41.0701865
            508      46.9101219
            509      42.9209961
            510      43.3421994
            511      70.2127724
            512      58.7837447
            513      51.5543991
            514      59.8629018
            515      43.5051042
            516      37.2779408
            517      51.1867013
            518      55.3550734
            519      45.4981294
            520      45.4199127
            521      54.7069355
            522      59.0611145
            523      57.0316423
            524      63.3425833
            525      65.0744057
            526       61.935552
            527      54.2267391
            528      45.1303608
            529      47.4578775
            530       43.585636
            531      70.0999183
            532      46.5260683
            533      71.1298539
            534      35.5569876
            535      54.3724131
            536      50.5581096
            537      69.8665301
            538      69.5440368
            539      63.0129072
            540      60.3273019
            541      57.4002783
            542       72.787591
            543      41.8436056
            544      59.6249903
            545       69.958954
            546      55.9583605
            547      56.5849564
            548      51.7420788
            549      63.4132163
            550      50.7831118
            551      38.9579874
            552      63.6300229
            553       44.063895
            554      53.2355876
            555      51.3773241
            556      46.2186584
            557      85.7545881
            558      60.0181708
            559      59.0904995
            560      68.8891725
            561      51.5658579
            562      59.4165043
            563      52.5758498
            564      63.7120342
            565      44.1689145
            566      46.8482763
            567      55.1667093
            568      93.7873544
            569      58.1757992
            570      87.5588165
            571      44.7175144
            572      85.6273924
            573      47.9607399
            574      50.5511353
            575      46.8723969
            576      63.7759009
            577      46.1660889
            578      45.9897751
            579      55.0158603
            580      82.5427007
            581      48.3723633
            582       51.962749
            583      54.4819623
            584      40.3498841
            585      52.3895305
            586      45.3401258
            587      69.6509274
            588      56.4156369
            589      54.8546002
            590       63.389906
            591      54.1341826
            592      46.6744409
            593      54.5205841
            594      59.6847548
            595      56.2964626
            596      70.4650257
            597      84.4787101
            598      71.7783004
            599      53.8359424
            600      36.2354475
            601      49.2877277
            602      66.2936094
            603      65.6320727
            604      62.0086471
            605       66.350697
            606      54.8874534
            607      52.6718512
            608      58.7002506
            609      54.4715096
            610      48.7054716
            611       45.635892
            612      53.1208264
            613      29.6242151
            614      52.4710938
            615      42.3594039
            616      62.0672006
            617      50.4632115
            618       44.416848
            619      66.2155584
            620      47.6756042
            621      68.0282745
            622      42.1533113
            623      67.2191817
            624      54.2325702
            625      46.2111797
            626      39.5629834
            627      52.9350064
            628      39.1626035
            629      52.0519472
            630      64.1841055
            631      64.8980349
            632       57.773305
            633       35.248139
            634      51.5156121
            635      57.2399533
            636      69.3779918
            637      58.9166451
            638      43.6917324
            639      60.0511657
            640       53.455404
            641      57.1955417
            642      40.7187171
            643      47.0410608
            644      53.5706253
            645         58.4393
            646      50.2927386
            647      55.0037312
            648      45.3220543
            649       49.174165
            650      49.5863117
            651      56.2762897
            652      60.5602594
            653      47.9654139
            654      53.1042874
            655      70.6410203
            656      48.7234522
            657      49.5322742
            658      56.4054636
            659      67.5541757
            660      94.6070246
            661      49.3685291
            662      63.0045298
            663      56.4544473
            664      51.5496208
            665      46.4757495
            666      43.8168491
            667      54.7088521
            668      66.5909244
            669      72.8812415
            670      39.9339162
            671      66.3784416
            672       55.465643
            673      46.7874806
            674       55.330753
            675      53.1399808
            676      41.2298005
            677      63.5731381
            678      52.3240804
            679      65.1425537
            680      83.3685561
            681      56.5357905
            682       60.023213
            683      48.0728541
            684      52.1507667
            685      53.0637502
            686      65.5535054
            687      42.0800999
            688      59.7774831
            689      67.6768316
            690      50.3563438
            691      58.1274053
            692      52.9567164
            693      50.7154039
            694      52.9675023
            695        56.03886
            696      66.2415252
            697      50.1352019
            698      29.7195631
            699      49.3394892
            700      49.4531753
            701      62.8695295
            702      55.4254445
            703      60.4349956
            704      41.1749706
            705      49.4865656
            706      56.3652077
            707      36.4965255
            708      56.0610632
            709      54.8886732
            710       59.698902
            711      78.5475192
            712      35.5742791
            713      54.7010604
            714      63.2202565
            715      63.7232164
            716      49.7216933
            717      54.9655635
            718       57.631305
            719      58.0630954
            720      44.3477042
            721      70.1676645
            722      61.6543997
            723      57.8854687
            724      61.5932956
            725      50.1086557
            726      54.4952098
            727      64.7375467
            728      50.4006007
            729      48.3525472
            730      51.0865335
            731      53.7376494
            732      47.8992988
            733      47.2001671
            734      59.7519294
            735      44.7974504
            736      47.6686384
            737      60.6976795
            738      95.4014709
            739      41.1735072
            740      40.4523063
            741      36.7321145
            742      69.4233252
            743      46.9805203
            744      64.6986531
            745      83.1455656
            746      63.2683577
            747      72.0253284
            748      48.2589793
            749      45.4433795
            750       81.766107
            751       55.399473
            752       56.900128
            753      50.8187265
            754      42.4038663
            755      33.3430001
            756       49.005813
            757      55.9313725
            758      43.0285908
            759       47.885866
            760      53.8786294
            761      63.3830926
            762       50.804628
            763      57.9352244
            764      52.0673796
            765      65.4946324
            766      63.1039404
            767      56.0345226
            768       39.148713
            769      32.0867025
            770      41.7887531
            771      50.7916442
            772      46.0449139
            773      56.0373917
            774      57.5094214
            775      55.3666238
            776      65.1616813
            777        60.28407
            778      52.6825564
            779      70.1193073
            780       45.710592
            781      56.0303141
            782      50.2176182
            783        72.90673
            784      59.2876847
            785      51.6647917
            786      64.8471978
            787      43.0313875
            788       41.291222
            789       58.344261
            790      60.7239085
            791      35.5352347
            792       31.331112
            793      52.1705158
            794      62.9742491
            795      79.6771784
            796      59.8620759
            797      47.4079854
            798      124.407893
            799      51.2969997
            800      54.4136536
            801      64.3916843
            802      75.0772522
            803      58.2846501
            804      49.2229405
            805      55.3118643
            806      65.0608356
            807      69.2914355
            808      61.7275634
            809      42.2899249
            810      35.3813047
            811      46.4747953
            812      46.1465872
            813      57.7512999
            814       55.420071
            815      47.7027998
            816      58.2487919
            817      52.8270285
            818      41.4462908
            819      54.6032522
            820      63.2463972
            821      33.2241731
            822      54.1442897
            823      59.3985702
            824      50.0288416
            825      60.1201587
            826      52.0479239
            827      79.0287547
            828      28.8139768
            829      42.1091245
            830       57.310515
            831      47.1586431
            832      49.2284203
            833      57.8814448
            834      78.4841662
            835      77.7480209
            836      50.0322351
            837      64.4901079
            838      42.2712028
            839      36.1964916
            840      58.4656437
            841      80.6647722
            842      70.7174912
            843      71.6056176
            844      64.9009795
            845      65.4206467
            846      54.1085357
            847       71.792867
            848      45.9367019
            849      53.5713437
            850      55.1877524
            851      59.6676975
            852      47.2131417
            853      62.3036437
            854      47.8790508
            855      65.8882309
            856      56.2502706
            857      58.5521428
            858      47.4100884
            859      45.4203558
            860      29.7797204
            861      47.5864465
            862      87.7717164
            863      105.024076
            864      56.4941414
            865       48.455051
            866      65.4542677
            867       38.406597
            868      45.4142077
            869      44.7187737
            870      54.0281316
            871      39.5319168
            872      73.4692955
            873      58.7435785
            874      61.5891362
            875      70.4522003
            876       61.184278
            877      48.0759374
            878      65.0856018
            879      44.8293691
            880      50.8434105
            881      34.5993032
            882      41.7228379
            883      45.4170175
            884      53.7461902
            885      58.5549752
            886      65.3309013
            887      49.3981316
            888      57.3783258
            889      45.7887031
            890      32.2586248
            891      50.1570568
            892      51.4883335
            893      62.6198426
            894      64.8825724
            895      47.0761877
            896       66.674379
            897      59.0575895
            898      42.8708961
            899      106.471486
            900      58.0654645
            901      74.5103658
            902      48.4756784
            903      42.4924841
            904      60.8702112
            905      44.8999561
            906      51.3036017
            907      53.1688237
            908      74.2389695
            909      62.4150684
            910      60.4684446
            911      46.0082621
            912      68.8142943
            913      63.8192254
            914      86.4268838
            915      43.3906844
            916      60.1210936
            917      59.8696462
            918      52.4173124
            919      57.4294814
            920        52.79713
            921      48.0599538
            922      59.1550885
            923      34.9550679
            924      63.8449658
            925      47.7626711
            926      53.0544652
            927      53.5858099
            928      55.6885908
            929      55.2231258
            930      51.5524137
            931      62.7894818
            932      66.2892399
            933      72.4016456
            934      50.1234463
            935      58.4534908
            936      66.7271068
            937       41.745449
            938      59.6950814
            939      39.7893139
            940      63.0295049
            941      58.5340228
            942      48.7764898
            943      40.7492414
            944      61.7606197
            945      76.0256359
            946      48.6178381
            947      52.3900186
            948      35.4056564
            949      40.1764184
            950      79.2301763
            951       40.671708
            952      58.1906919
            953      60.1596902
            954      53.3413641
            955      42.6534956
            956      61.9168432
            957      55.3983664
            958      108.171467
            959      47.7363284
            960      53.1888041
            961      52.9445054
            962      40.2128285
            963      43.4011806
            964      42.7325538
            965      49.4494025
            966      65.4447772
            967      46.0749455
            968      33.0241813
            969      30.3763921
            970      59.7383111
            971      29.6383791
            972      55.5944786
            973      49.7249705
            974      128.520128
            975      60.2313916
            976       48.361388
            977      54.1230761
            978      52.4157976
            979      48.4086596
            980      62.3824739
            981      56.0897739
            982      47.0563998
            983      45.7043875
            984      44.7153542
            985       58.454246
            986      65.0830824
            987      62.1216931
            988      55.4758656
            989       60.066828
            990      30.1391476
            991        43.66925
            992      34.3138938
            993      47.8231004
            994      57.7791569
            995      42.3240666
            996      48.9636555
            997        49.33658
            998      55.5265298
            999      67.4325649
