#          time            dhdl
              0      37.2647989
              1      21.1681561
              2      29.7319226
              3      27.7730276
              4      28.8419825
              5      52.9434182
              6      28.0533526
              7      31.6499051
              8      24.6721275
              9      27.1376968
             10       24.757708
             11      13.0683566
             12      22.3082838
             13      28.2237695
             14       45.649121
             15      36.7998578
             16      31.9621714
             17      53.5819041
             18      14.5012266
             19       34.001647
             20      38.9185956
             21      30.3217676
             22      24.4293243
             23      28.2020026
             24       50.072686
             25      25.3093425
             26       19.517972
             27      27.5198953
             28      27.2002661
             29      32.8393738
             30       43.347564
             31      30.9097977
             32      32.8759053
             33      23.7152275
             34      39.1064721
             35      26.4489324
             36      42.5528681
             37      24.2422891
             38       23.057298
             39      33.4573171
             40      11.6166753
             41      27.7363764
             42      40.8004318
             43        23.53367
             44      34.6221316
             45      29.7567302
             46      37.7359591
             47      23.6163444
             48      22.4373631
             49      32.0323817
             50      45.8650905
             51      18.1184933
             52      30.7253392
             53      27.0617955
             54      32.8573088
             55      13.7215966
             56      24.8291882
             57      36.2673759
             58      17.8834626
             59      31.3856627
             60      37.4541775
             61      43.9394962
             62      36.9268467
             63      29.5284579
             64      12.5648784
             65      31.7397792
             66      14.5799728
             67       27.330794
             68       40.390507
             69      18.1862387
             70      14.7942092
             71      23.6213552
             72      28.6395444
             73      16.6027551
             74      24.7268716
             75      36.5315462
             76      35.0756034
             77      18.3747998
             78      17.1583103
             79       8.8262626
             80      18.3776084
             81      19.6306522
             82      35.6246472
             83      20.6459647
             84      17.4851852
             85      20.9220457
             86      22.4839713
             87      17.5888805
             88      18.0007626
             89      23.4955639
             90      21.9280879
             91      22.7518603
             92      22.5349551
             93      21.1080569
             94       29.041203
             95      49.1348446
             96      41.8745029
             97      23.5248468
             98      24.7590144
             99      10.3524984
            100      13.8971801
            101      34.5181933
            102      33.0343553
            103      39.8683577
            104      29.5980351
            105      53.4557737
            106      23.3464011
            107      17.8396516
            108      24.5852221
            109      31.9047073
            110      24.8926846
            111      19.2554769
            112      18.4045661
            113      17.7386863
            114      26.9467901
            115      27.3670742
            116      30.0702454
            117      21.9886268
            118       41.798948
            119      23.9227809
            120      29.4288073
            121      25.3259281
            122      23.1899817
            123      36.2254578
            124      22.5899797
            125      23.5930536
            126      28.0286963
            127      34.7019508
            128      29.3533699
            129      35.6677295
            130      32.4273922
            131      27.2295059
            132      36.2509796
            133      37.1897951
            134      29.4268908
            135      42.9095202
            136      46.3191396
            137      9.39097515
            138      23.7648788
            139       24.508168
            140      26.5234408
            141      41.3263797
            142       28.581857
            143      50.7329037
            144      19.9262806
            145      27.8793292
            146      23.9076059
            147      28.3663535
            148      17.7253344
            149      19.2497301
            150       37.215667
            151      35.1017109
            152      34.1158266
            153      21.6425863
            154      21.7938989
            155      23.6285618
            156      29.7120464
            157      29.2688238
            158      30.9193051
            159      22.2015167
            160       26.954411
            161      15.8408109
            162      41.3580628
            163      34.8443692
            164      30.9860175
            165      51.6888001
            166      39.6619963
            167      34.9305572
            168       26.541594
            169      43.0363406
            170      35.0114168
            171       32.167904
            172      13.7271788
            173      37.7404024
            174      41.8535281
            175      32.3399314
            176      33.4383894
            177      32.8723447
            178      24.1002588
            179      24.2887394
            180      22.4116607
            181      28.4194333
            182      24.4137109
            183      43.8163916
            184      53.7285924
            185      18.8249163
            186      34.6481465
            187      31.8525081
            188      45.4650886
            189      35.1581722
            190      36.2437784
            191      25.2630773
            192      36.6162827
            193      21.3446404
            194      17.8590521
            195      54.4647275
            196      18.0302017
            197      9.96634563
            198       40.998839
            199      31.2973567
            200      21.8075332
            201      37.2727351
            202      29.3727063
            203      38.6357318
            204       24.613602
            205      22.0295636
            206      36.5540698
            207      35.2125883
            208      24.6161621
            209       22.786205
            210      20.8678553
            211      39.6854437
            212      29.7143967
            213      51.6246667
            214      43.0211758
            215      30.4982277
            216      50.9842773
            217       40.141806
            218      31.7182859
            219      23.4090306
            220      16.2758328
            221      21.6733696
            222       29.062088
            223      17.7161457
            224      38.5737811
            225       19.660683
            226      25.9821331
            227      20.0174172
            228      23.6184537
            229      29.1975761
            230      19.4642873
            231      34.1663725
            232      25.5575254
            233      13.2374028
            234      18.5697493
            235      15.9719082
            236      42.8405114
            237      48.8143092
            238      22.8039375
            239      18.1185737
            240      48.7199667
            241      22.1260706
            242      1.79966069
            243      30.2347622
            244      22.0167975
            245      33.2319758
            246      34.5532644
            247      29.1278767
            248      36.5109726
            249      26.6617587
            250      21.0593217
            251      11.2768984
            252      32.5939853
            253      20.6353897
            254      14.7371871
            255       16.039439
            256      12.2327742
            257      31.9657734
            258      45.8053999
            259      73.9886115
            260        32.69652
            261      12.7156864
            262       7.8959556
            263      15.7649435
            264      68.9907763
            265      16.5471885
            266      20.2307082
            267      46.9291206
            268      18.0596061
            269      48.6044633
            270      30.2393096
            271       31.483314
            272      30.5151651
            273      24.0547212
            274      36.6560564
            275      27.4702469
            276      29.4745585
            277      26.0767817
            278      29.3383202
            279      30.4549154
            280      17.8655093
            281      5.31686437
            282      46.6144586
            283      38.1293949
            284      20.6219803
            285      27.7713216
            286      20.4582556
            287      14.6227402
            288      22.7137216
            289      24.1234182
            290      36.8645996
            291      25.3370304
            292      43.6264995
            293      47.9281015
            294      19.5562178
            295      25.1645395
            296       26.499382
            297      28.5820022
            298        34.24095
            299       73.679539
            300      58.1370817
            301      23.1609508
            302      24.2965919
            303      42.7246265
            304      18.0751548
            305      20.0576573
            306      22.8926198
            307       23.257508
            308      50.3096813
            309      25.8185117
            310      34.6655661
            311      22.4945775
            312      27.0095781
            313      26.3857955
            314      13.4222971
            315      44.1343623
            316      23.7835707
            317      43.3013477
            318      26.9944026
            319      18.6410401
            320      28.7516777
            321       21.050248
            322      18.1311841
            323      22.2033301
            324      29.8791959
            325      20.2679795
            326      59.9199322
            327      22.5331296
            328      35.0418899
            329      36.8644395
            330      25.4006316
            331      30.7382396
            332      38.3560391
            333       48.526476
            334      38.6290493
            335      19.2627005
            336      22.7359308
            337      18.5612185
            338      23.1796398
            339       49.271213
            340      32.7537921
            341      40.7499939
            342      9.09130969
            343      36.5749693
            344       31.967392
            345      33.4795632
            346      31.2610629
            347      20.3183403
            348      27.2096635
            349       40.047988
            350      32.5970242
            351      37.4666452
            352      20.7282944
            353      24.9530215
            354      19.8161753
            355      24.6381549
            356      40.6571839
            357      28.4952121
            358      30.3863216
            359      32.1553461
            360      30.2949159
            361      29.0269041
            362      35.8468493
            363      31.2463853
            364      47.4409735
            365      26.3977835
            366      20.6485925
            367      13.7699192
            368      31.5024228
            369      41.1551335
            370      42.3372319
            371      41.4111731
            372      28.2265139
            373      20.6090962
            374      21.6821496
            375      68.1840971
            376      17.7519731
            377      24.8871582
            378      49.7876182
            379      25.8271215
            380      41.0608965
            381      40.5329581
            382      31.5724594
            383       35.283083
            384      16.8283457
            385      27.3569597
            386      35.4220928
            387      69.3990515
            388      16.1303878
            389      21.0138492
            390      26.2019037
            391       36.074915
            392      33.8453499
            393      27.2811497
            394      37.0726437
            395        45.67869
            396      19.3794929
            397      24.8091158
            398      27.9732023
            399      16.8014074
            400      32.6902046
            401      34.7446267
            402      27.1744162
            403      23.0867062
            404      35.1912526
            405      21.1728726
            406      30.1984567
            407      43.9276709
            408      14.1282895
            409      30.4271983
            410      35.8270026
            411      27.0104317
            412      25.5132947
            413      30.3686961
            414      28.8391492
            415      24.2505556
            416      26.8178365
            417      29.2829693
            418      22.8823607
            419      34.7545533
            420      46.2812603
            421      22.8059442
            422      28.1985829
            423      26.8816856
            424      43.3626286
            425      9.34139648
            426      16.4122699
            427      21.5971278
            428      22.3756665
            429      19.2594824
            430      17.3210422
            431      23.6734731
            432      20.1762968
            433      32.7534096
            434       38.865519
            435      47.6707453
            436      26.9409432
            437      32.2142915
            438      33.9917703
            439      46.6112178
            440      18.1281763
            441      19.8779915
            442      29.1246773
            443       41.342631
            444      35.5822542
            445      38.8421441
            446      30.7158883
            447      23.2237441
            448      35.6435102
            449      41.1253372
            450      21.2463017
            451      60.8590623
            452      30.1251069
            453      39.5768303
            454      21.2557487
            455      19.5723822
            456      15.0692608
            457      37.5299802
            458      23.5951114
            459      54.7589922
            460      21.3184896
            461      43.2419753
            462      37.8849145
            463      56.7879646
            464      26.9522852
            465      39.8168875
            466       33.891474
            467      14.1119369
            468      42.3863415
            469      17.9859597
            470       54.324204
            471      19.6989671
            472      27.3106665
            473      60.0762939
            474       38.098577
            475      17.6969709
            476      22.2895762
            477      27.5247425
            478      27.0810579
            479      41.8582687
            480      30.6063146
            481      25.6376091
            482       30.822587
            483        17.14674
            484      22.2772226
            485      52.1640703
            486      30.7867747
            487      32.1519685
            488      39.8914455
            489      27.5268525
            490      25.0383906
            491      12.0620435
            492      23.5028875
            493       25.736499
            494      27.5691387
            495      23.3172908
            496      34.3961028
            497      11.7156859
            498      9.46415972
            499      31.5054528
            500      16.3376072
            501      14.0444054
            502      31.0485851
            503      44.1987649
            504      30.8791064
            505      15.9877781
            506      32.7180342
            507      15.3796364
            508      18.7747873
            509      21.2648912
            510      36.6324951
            511       35.141858
            512      29.7164482
            513       39.767456
            514      39.0656752
            515      33.5913382
            516      35.4705536
            517      36.0614596
            518       30.907184
            519      34.3790541
            520      11.7276931
            521      26.6311909
            522      30.3307287
            523      32.5577965
            524       25.479735
            525      41.5419391
            526      36.2217198
            527      32.0771109
            528      10.1464693
            529      26.7258535
            530      21.8486573
            531      29.4734077
            532      21.9730364
            533      34.1928208
            534      22.1289563
            535       23.862025
            536      26.3920856
            537      32.4304075
            538      27.1936066
            539      34.4907101
            540      32.3324509
            541      17.9325111
            542      31.2598357
            543      31.0655789
            544      37.3230728
            545      33.2577525
            546      42.0489442
            547       23.204158
            548      20.2697787
            549      25.2050789
            550      39.5572781
            551      21.5000878
            552      22.6715321
            553      31.1491913
            554      27.2274806
            555      27.2616486
            556      32.7690397
            557      19.0980469
            558      33.4098366
            559      35.7261865
            560      34.1103976
            561      24.9514047
            562      26.9586062
            563      25.3507233
            564       33.474237
            565      21.8533923
            566      30.4482861
            567      52.1354543
            568      30.0396385
            569      20.7988512
            570      18.5431238
            571       31.465301
            572       55.838286
            573      40.6403469
            574      60.8616185
            575      23.1975225
            576      32.5486793
            577      21.0455666
            578      28.4464187
            579      28.3353964
            580      18.0360025
            581      36.7120441
            582      24.7390759
            583      30.0757973
            584      23.3416487
            585      38.0920677
            586      35.0891687
            587       42.427135
            588      64.7871453
            589      17.5238131
            590       26.640125
            591      22.7917276
            592      40.7607337
            593      34.4068641
            594      38.3387116
            595      28.3818977
            596      16.4383655
            597      22.7646953
            598      61.4754208
            599      40.0492269
            600       22.942182
            601      31.7510454
            602      33.3983429
            603      24.2047433
            604      29.3384312
            605      36.4543835
            606      28.5126529
            607      29.1604303
            608      18.8283334
            609      13.8714129
            610       9.6137979
            611      30.0420216
            612      17.5032725
            613      20.3973591
            614      22.6935819
            615       40.775961
            616      33.7161657
            617      29.8233639
            618      22.6711338
            619       29.975347
            620      18.6656743
            621      19.5142011
            622      21.2138608
            623      19.6867188
            624      30.4927997
            625       22.351027
            626      24.9837018
            627      40.2718976
            628      23.9490999
            629      50.1094731
            630      22.3392275
            631      30.4478208
            632      33.4262451
            633      36.2521537
            634      40.5921598
            635      36.2381481
            636      31.1598285
            637      43.2427285
            638      7.24586882
            639      10.4420873
            640      38.0307716
            641      20.0485812
            642      21.6315287
            643      26.7840257
            644      43.3634629
            645      33.5298522
            646      47.1838839
            647      42.7366635
            648          24.229
            649      18.2996422
            650      23.4423231
            651      12.4381486
            652       11.516903
            653      18.5806428
            654      24.4645195
            655      19.3434875
            656      30.8297273
            657      40.8632766
            658      32.1070457
            659      38.7739937
            660      58.3289229
            661      31.4577956
            662      31.9282129
            663      23.3369191
            664       19.035194
            665      23.0722676
            666      23.0280079
            667        22.91199
            668      17.6392721
            669      35.7084861
            670      17.7115245
            671      36.6644586
            672      11.0155401
            673        35.03025
            674      34.5487938
            675      13.1176234
            676      47.5236739
            677       21.152617
            678      39.4254247
            679      22.1594337
            680      29.0305458
            681      36.4855913
            682       31.375876
            683      49.5651023
            684      40.4191625
            685      38.2427657
            686      34.8160604
            687      38.1400614
            688      31.6814267
            689      25.7144326
            690      26.5579079
            691      21.0926864
            692      13.7136339
            693      24.4698479
            694      40.6680416
            695      33.6269153
            696      34.6955188
            697      21.0586938
            698      8.44696281
            699      50.9411308
            700      26.1215294
            701       23.437512
            702      42.2781801
            703      48.8324754
            704      39.3389588
            705      33.8328484
            706      22.9314068
            707      30.2421898
            708      19.4607482
            709      11.9482602
            710      33.2785043
            711      30.8986932
            712      29.6805006
            713      22.0485335
            714      29.2030548
            715       39.917916
            716      26.4423299
            717      27.0258142
            718      13.2697989
            719      40.9221079
            720      34.5581751
            721      29.0419547
            722      17.0687707
            723      31.1248961
            724      27.4373026
            725      19.1275426
            726      34.1651753
            727      33.3052263
            728      45.2537254
            729      26.0699829
            730      34.5828585
            731       35.316176
            732      39.3536486
            733      17.5430209
            734      25.2290608
            735      26.8767799
            736       31.032672
            737      15.0113219
            738      30.5549222
            739        14.86911
            740      28.9806863
            741      32.5667513
            742      31.9545924
            743      35.1581837
            744      43.5526273
            745      29.1951271
            746      32.0076383
            747      34.5200711
            748      31.3506035
            749      35.1233728
            750      30.3008626
            751      28.1235923
            752      23.0954439
            753      29.6799576
            754      33.0892972
            755      32.5398482
            756      27.4707557
            757      44.7992409
            758      32.1790584
            759      26.1431051
            760      40.8099075
            761       33.993116
            762      37.1818576
            763      22.2408007
            764      30.0497363
            765      64.9942409
            766      32.8967501
            767      18.2118478
            768      9.90592467
            769      36.0569213
            770      44.1256877
            771      34.4627572
            772      30.3083142
            773       56.555996
            774       37.978539
            775      27.5903789
            776       24.693806
            777      32.3184048
            778      78.3193102
            779       16.119476
            780      37.8729415
            781      37.5207484
            782      19.7922301
            783      38.7869309
            784      25.0826555
            785      36.0782373
            786      26.5813696
            787      27.6936674
            788      18.1329348
            789      19.5488647
            790      12.3392399
            791      25.2947745
            792      32.4196915
            793      33.9990838
            794      28.8600449
            795      17.8834485
            796      21.6067177
            797      39.1754382
            798      34.1776349
            799      22.7248799
            800      23.9138802
            801      37.6899156
            802      19.5031508
            803      27.9382437
            804      21.8487921
            805      16.3071298
            806       11.621367
            807      20.7304028
            808      9.74918609
            809      64.7510037
            810      29.9287993
            811      35.7568659
            812      23.6262503
            813      36.1769341
            814      33.6517052
            815       37.295647
            816      22.5085494
            817      15.0538685
            818      25.9493836
            819      18.4300915
            820      47.2991315
            821      30.3678999
            822      21.4289395
            823      29.4852407
            824      42.6371823
            825      46.0478104
            826      54.7449298
            827      24.8758846
            828      37.5360606
            829      15.9627063
            830      17.7098172
            831      20.9568993
            832      33.1122594
            833      38.3874189
            834      37.1408154
            835      50.5089661
            836       58.955922
            837      16.0186391
            838      31.4602409
            839      12.8427792
            840      32.5577751
            841      16.7036233
            842      45.4339362
            843      23.4911241
            844      42.1854985
            845      19.8495981
            846      27.6283549
            847      11.2028959
            848      21.2380183
            849      31.5013235
            850      32.3687138
            851      25.7135925
            852      23.7886901
            853      33.1584784
            854       39.226277
            855      33.1589361
            856      20.5580387
            857      7.89637709
            858      39.2292432
            859      42.3264476
            860      20.6069711
            861      16.7149227
            862      31.7775101
            863      49.9427564
            864      29.4044261
            865      26.9069121
            866      31.5329778
            867      56.3425204
            868      34.7734436
            869      17.0534637
            870        25.40875
            871      40.1183518
            872      22.7695782
            873      35.8017335
            874      18.8056343
            875        11.22378
            876      25.1165091
            877      57.4573398
            878      18.9564828
            879      35.0842409
            880      39.2661024
            881      40.3776048
            882       24.319091
            883      29.5136925
            884      17.8314937
            885      39.6460885
            886      39.9927386
            887      32.1865235
            888       26.206888
            889      2.80391906
            890      33.0317666
            891      29.1708068
            892      31.4738203
            893       26.202249
            894      12.8736382
            895      42.0180557
            896      44.3343119
            897      58.2928589
            898      22.9331705
            899      37.8799582
            900       15.269603
            901      23.7379268
            902      42.4351221
            903      15.2679335
            904      25.7742354
            905      33.7285282
            906       19.217683
            907      12.9694044
            908      23.3261559
            909      29.1452358
            910      13.0646879
            911      11.7498031
            912      25.9730601
            913       37.686691
            914      16.1021894
            915      35.7633131
            916      37.5040311
            917      28.1659842
            918      19.0742152
            919      53.3337817
            920      41.9491532
            921      40.2311859
            922      31.1765341
            923      18.1911734
            924      42.1751266
            925      38.2590369
            926       19.806251
            927      24.9206801
            928      18.0014567
            929       19.877209
            930      50.4737615
            931      26.7723518
            932      48.4680381
            933      18.0895075
            934      29.0115995
            935        27.33534
            936      8.82955013
            937      39.7565709
            938       31.975469
            939      36.8079856
            940      19.8428943
            941      27.2134942
            942      20.1217698
            943      36.2455455
            944      28.5737812
            945      30.1027567
            946       29.821609
            947      33.2865658
            948      42.1723801
            949      23.5886677
            950      34.5177628
            951      39.0655968
            952      31.3569142
            953      40.1000168
            954      32.2328849
            955      26.1285431
            956      4.80504846
            957      23.0503013
            958      31.4831291
            959      39.4540803
            960      27.3710494
            961      18.9319251
            962      30.0113928
            963      36.3911395
            964       42.414521
            965      31.1622203
            966      29.6216393
            967      38.6778787
            968      18.4534662
            969      15.9636298
            970      12.1325116
            971      15.4669709
            972      11.9548496
            973       29.463236
            974      19.1432748
            975      18.8651301
            976      27.8537052
            977      38.1858359
            978      46.9743078
            979      79.6867731
            980      31.2436185
            981      23.2949723
            982      25.5054379
            983      27.5694327
            984      31.1515248
            985      47.0205015
            986      39.6046659
            987      21.8533691
            988      22.4257945
            989      45.9978354
            990      30.5260315
            991      22.1897227
            992      25.5334819
            993      16.0180899
            994       16.422891
            995      28.1815388
            996      32.0626627
            997      20.9092489
            998      18.1934946
            999      24.4200892
