#          time            dhdl
              0      120.688863
              1      105.494949
              2      187.024772
              3      110.396988
              4      168.094367
              5       104.64388
              6      86.1625985
              7      91.6351108
              8      80.8835797
              9      88.2022336
             10      78.6909406
             11      121.795625
             12      188.706559
             13      95.3881574
             14      80.4757995
             15      115.673346
             16       168.50786
             17      71.2232354
             18      178.760885
             19      115.438467
             20      96.0894076
             21       160.04744
             22      122.238725
             23      105.681233
             24      144.014037
             25      112.221339
             26      133.829523
             27      147.220084
             28       157.15078
             29        141.8301
             30      135.094142
             31      135.927498
             32      84.2343862
             33      106.149283
             34      129.309546
             35      167.800576
             36       156.71688
             37      107.726395
             38      94.8646822
             39      136.563634
             40      121.549879
             41      132.240896
             42      145.399455
             43      196.925034
             44      150.250274
             45      65.5481547
             46      140.189844
             47        135.7103
             48      139.153991
             49      111.161857
             50      80.9999624
             51      84.0375976
             52      104.266197
             53      91.1901397
             54      107.284976
             55      125.800207
             56      184.033179
             57      103.734831
             58      117.094095
             59      191.596087
             60      115.761598
             61      108.098837
             62      96.7935069
             63      116.021947
             64      138.332666
             65      107.036837
             66      135.582516
             67      129.338025
             68      118.392598
             69      102.205943
             70      74.3743537
             71      130.058653
             72      123.385298
             73      143.012409
             74      144.753185
             75      168.210653
             76      116.331483
             77      110.900594
             78      92.3758258
             79      119.555749
             80      129.076547
             81      82.3785879
             82      77.9535288
             83      105.142088
             84      148.986034
             85      114.004987
             86      108.212236
             87      151.673981
             88      128.794155
             89      108.624546
             90      107.226301
             91      154.521529
             92      136.181071
             93      67.2986797
             94      160.127901
             95      93.7285767
             96      138.754462
             97      142.862737
             98      197.846464
             99      108.870211
            100      93.6776502
            101      117.959638
            102      94.4445072
            103      78.5030935
            104      89.8250443
            105      103.873743
            106      122.271704
            107      176.788415
            108      94.6683341
            109      99.8985281
            110       151.53226
            111      127.776783
            112      93.1980051
            113      70.2063333
            114      45.2714412
            115      110.511911
            116      155.031606
            117      92.8915268
            118      56.5146865
            119      120.078668
            120      118.668537
            121      167.339218
            122      147.107185
            123      167.202876
            124      148.519135
            125      148.408109
            126      144.352634
            127      180.548014
            128      119.037662
            129      115.265306
            130      124.227788
            131      204.284984
            132      188.623011
            133      132.340247
            134      77.8560126
            135      118.251923
            136      80.5895761
            137      76.6514518
            138       116.98179
            139      182.905055
            140      142.178968
            141      164.881085
            142       94.505185
            143      130.779666
            144      101.124698
            145      133.363643
            146      65.2682865
            147       98.218299
            148      144.501474
            149      186.873895
            150      107.712718
            151      134.818979
            152      107.633852
            153      143.406333
            154      98.6880119
            155      119.095373
            156      88.7333754
            157      151.052668
            158      106.288682
            159      111.581472
            160      56.9073132
            161      106.670715
            162      101.744328
            163      124.235017
            164      120.782319
            165       111.77802
            166      99.3374408
            167      126.334775
            168      113.359385
            169      175.108782
            170      107.316227
            171      218.706925
            172      58.4097772
            173      91.7099016
            174      218.002337
            175      93.5635398
            176      92.7481855
            177       159.45495
            178      86.2002547
            179      114.351624
            180       159.59544
            181      107.606415
            182      101.077049
            183      103.267892
            184      155.509823
            185      120.296108
            186      87.0512544
            187      115.615425
            188       141.57326
            189      104.808365
            190      171.976176
            191      123.403141
            192      144.261204
            193      193.059688
            194       104.35781
            195      134.835254
            196      163.748573
            197       137.58657
            198      123.138028
            199      96.2992052
            200      94.1500399
            201      160.874483
            202      149.073584
            203      67.7267478
            204      129.979662
            205      153.123505
            206      151.865465
            207      118.488757
            208      109.548271
            209      92.0188331
            210      122.493951
            211       112.25766
            212      79.1411953
            213      137.971385
            214      118.049802
            215      147.225245
            216      63.6309627
            217      218.373665
            218       108.67562
            219      156.366896
            220      70.1152279
            221      149.427109
            222      67.8308499
            223      109.598461
            224      134.877602
            225      180.904647
            226      110.495892
            227      118.382743
            228      97.8038799
            229      140.897852
            230      101.630304
            231      67.7848598
            232      123.607223
            233      168.275681
            234      154.170984
            235      110.436983
            236      123.719811
            237      145.405991
            238      175.719153
            239      84.1521675
            240      113.845394
            241      168.893369
            242      121.839727
            243      144.211179
            244      158.130668
            245      139.272789
            246      136.361619
            247      171.577962
            248      122.333745
            249      109.920452
            250       76.481039
            251      76.5138801
            252      148.385819
            253      110.775858
            254      205.672161
            255      76.2965904
            256      138.856812
            257      166.115981
            258      103.385596
            259      191.258308
            260      117.608453
            261      107.772944
            262       109.93543
            263      169.715746
            264      162.719867
            265      183.632118
            266      132.516504
            267      121.766317
            268      179.230999
            269      127.925477
            270      162.955239
            271        91.95098
            272      105.606157
            273      125.949146
            274      146.901279
            275      146.677847
            276      108.020876
            277      102.736549
            278      92.8437129
            279      93.6485254
            280      120.686763
            281      170.541993
            282      176.302341
            283      123.073268
            284      227.837003
            285      118.910091
            286      146.631071
            287       145.48022
            288      90.5293284
            289      115.561474
            290      84.5200648
            291      104.155535
            292       100.73475
            293       185.62938
            294      85.5450587
            295      89.1026278
            296      160.033174
            297      120.059306
            298      209.683589
            299      137.426514
            300      162.411945
            301      115.985522
            302      120.355056
            303      221.971644
            304      148.381342
            305      139.726778
            306      130.381529
            307      118.029626
            308      75.3766062
            309      141.697531
            310      118.069307
            311      135.412003
            312      155.058533
            313      123.788497
            314      126.533304
            315      147.768442
            316      127.164717
            317      74.6985849
            318      106.243235
            319      72.6116107
            320      185.453655
            321      121.928779
            322      94.4765211
            323      142.432819
            324      170.678744
            325        90.74487
            326      130.204869
            327      99.9480674
            328      124.221688
            329      161.026603
            330      137.387643
            331      122.747814
            332      115.555194
            333      108.608068
            334      118.002258
            335      57.0898751
            336      181.099938
            337      162.723998
            338      186.252537
            339      130.289218
            340      110.605951
            341      90.3446335
            342      93.3866791
            343      136.489376
            344      150.050297
            345      107.995512
            346      101.254027
            347      131.712279
            348      128.922875
            349      202.140772
            350      118.686729
            351      84.0119072
            352      159.274719
            353      109.889472
            354      29.9316388
            355      134.267812
            356      88.8878532
            357      134.195198
            358      163.687227
            359      129.017885
            360      192.062859
            361      119.692596
            362      107.902287
            363      72.9176624
            364      167.764969
            365       120.87919
            366      108.471923
            367       128.95494
            368      131.432269
            369      130.401793
            370      106.826752
            371      179.124093
            372       133.01744
            373      75.8858027
            374      149.549663
            375      114.700187
            376      146.406982
            377      100.122809
            378       91.945686
            379      92.5023014
            380      106.504057
            381      145.484414
            382      117.207403
            383      81.2089573
            384       116.85346
            385      104.071622
            386      106.739215
            387      154.908026
            388      104.881744
            389      144.599588
            390       84.424495
            391      120.689457
            392      83.1106657
            393      126.224693
            394      66.6370258
            395      53.2632526
            396      129.066435
            397      125.189752
            398      126.712829
            399      87.5567769
            400      112.513211
            401      115.283191
            402       111.54383
            403      141.501847
            404      77.3631397
            405      171.877901
            406      123.720726
            407      100.668223
            408      144.377129
            409      157.504963
            410       174.95814
            411      143.831859
            412      104.359312
            413      85.9159048
            414      110.218913
            415      114.780068
            416      91.2516791
            417      118.868966
            418      130.537623
            419      114.994497
            420      129.324706
            421      121.741305
            422      152.941299
            423      126.544911
            424      169.644513
            425      173.458682
            426      181.854226
            427      110.953678
            428       65.847685
            429      138.519985
            430       148.19046
            431      141.065223
            432       167.83123
            433      98.0229296
            434      79.1260937
            435      87.4873359
            436      114.625458
            437      121.219878
            438      120.446029
            439      134.662935
            440      118.150336
            441       202.32129
            442      59.6265732
            443      90.5837902
            444      120.227698
            445      106.321537
            446      93.8240984
            447      121.872299
            448      83.0164777
            449      103.211496
            450      98.3510415
            451      161.473659
            452      131.442491
            453      78.9415815
            454      120.047978
            455      80.9571718
            456      100.399335
            457       117.90441
            458      89.2062017
            459      94.4426962
            460      124.747623
            461      130.190968
            462      91.1762379
            463      184.365632
            464      144.488664
            465      138.263764
            466      109.848576
            467      104.460748
            468      158.908185
            469      113.015958
            470      155.379467
            471       138.13551
            472      61.5326494
            473      111.863139
            474      96.9001775
            475      72.3620399
            476      128.970543
            477      99.8722813
            478      90.3654284
            479      119.640835
            480      74.2709707
            481      132.714277
            482      149.924674
            483      119.699049
            484      136.897316
            485      135.843697
            486      99.2598375
            487       145.90416
            488      142.933177
            489      115.123457
            490      51.8734891
            491      132.442326
            492      138.004646
            493      122.871419
            494      168.169336
            495      135.359995
            496      171.103784
            497      113.744819
            498      95.4045003
            499      132.909943
            500      67.0987048
            501      107.730751
            502        135.6344
            503       87.582319
            504       133.92199
            505      109.602585
            506      104.626242
            507      114.850626
            508      117.113321
            509      109.583111
            510      95.3423635
            511      97.6316923
            512      234.143138
            513      131.002047
            514      132.171069
            515      105.676709
            516      93.4446132
            517      132.747108
            518      116.536985
            519      71.9723475
            520      110.029261
            521       173.35487
            522      160.080731
            523      140.002527
            524      114.015295
            525      132.528752
            526      99.6557274
            527      93.5290237
            528      88.9803266
            529      134.771149
            530      153.983588
            531       127.57059
            532      109.306916
            533       90.833681
            534      184.065746
            535      159.692159
            536      115.378363
            537      168.754353
            538      173.807863
            539      124.190409
            540      154.339457
            541      190.137565
            542      128.750558
            543      129.368167
            544      92.2248864
            545      121.455093
            546      105.356306
            547      146.338122
            548      143.560138
            549      136.690042
            550      114.782239
            551      154.815863
            552        142.1395
            553      127.846164
            554      96.8246329
            555      225.586475
            556       177.30282
            557      145.197456
            558      138.063269
            559      128.531461
            560      183.683299
            561      148.827971
            562      135.748954
            563      167.835112
            564      149.976055
            565      73.0538206
            566      79.0253431
            567      92.0138438
            568      154.071219
            569      159.429386
            570      123.046738
            571      123.017049
            572      85.0049677
            573      92.4161011
            574      104.459335
            575      79.3430342
            576      99.6561945
            577      131.806729
            578      134.608973
            579      115.689013
            580       104.81341
            581      100.120557
            582      114.250823
            583      140.454024
            584      112.463823
            585      94.2269793
            586      69.7530264
            587      143.299033
            588       129.60397
            589      130.226668
            590      63.8428813
            591      150.692452
            592      115.154987
            593      128.834778
            594       129.48536
            595      170.044554
            596      106.420548
            597      127.586754
            598      199.691273
            599      114.830505
            600      94.3006102
            601      126.070817
            602      76.5510913
            603      115.734293
            604      169.766776
            605       131.41517
            606      136.038446
            607      118.611762
            608      88.6089984
            609       149.36031
            610      139.218392
            611      129.712076
            612      100.555817
            613      91.4991554
            614      82.5889464
            615      105.195543
            616      135.714404
            617      127.587119
            618      145.856952
            619      101.850316
            620      144.397935
            621      98.3747246
            622       175.65592
            623      123.001823
            624      129.750523
            625      74.7701153
            626      109.925736
            627      88.2178026
            628      132.550104
            629       101.95309
            630      90.4834672
            631      155.364527
            632      70.6991766
            633       88.816619
            634      128.730114
            635      146.209676
            636      137.390585
            637      127.873331
            638       142.19649
            639      109.491282
            640      117.643056
            641      128.223601
            642      113.578771
            643      110.237236
            644      77.6615948
            645       170.10504
            646      146.519002
            647      95.9439584
            648      138.616789
            649      158.527328
            650      111.584429
            651      184.206215
            652       75.222937
            653      132.364408
            654      83.9654773
            655      105.729713
            656      122.686379
            657      83.6134252
            658        136.0182
            659      160.158564
            660      140.824235
            661      180.844237
            662      137.357702
            663        103.6463
            664      108.236875
            665      134.273927
            666      92.4084457
            667      161.721238
            668       162.14333
            669      147.390787
            670      74.0872194
            671      110.287618
            672      124.805313
            673      156.092798
            674      78.4685566
            675      172.424788
            676      91.2770989
            677      97.1161824
            678      61.3055916
            679      140.438977
            680      117.033371
            681      78.5922406
            682      167.823362
            683      130.309215
            684      87.0325742
            685      98.8014852
            686      108.629012
            687      127.399199
            688      89.6403189
            689      108.537456
            690      169.615819
            691      156.689641
            692      85.8985804
            693      124.617651
            694      120.298306
            695      94.9586979
            696      58.6632225
            697      146.920169
            698      121.411995
            699      82.3786386
            700      115.858033
            701      136.463807
            702      97.7896301
            703      116.835648
            704      103.681227
            705      119.134452
            706      112.985318
            707       110.71748
            708       140.31228
            709      67.4646791
            710       194.75559
            711      87.1846035
            712      111.164783
            713      192.898969
            714      102.687495
            715      100.852455
            716      99.7783369
            717      132.120438
            718      149.589489
            719      115.402585
            720         89.8226
            721      70.9221425
            722      115.786966
            723      97.1634018
            724      108.089189
            725      146.310277
            726       170.80174
            727      124.381907
            728      143.165254
            729      115.579007
            730      121.563497
            731      122.984714
            732      89.5751763
            733      108.295115
            734      143.334622
            735      124.890578
            736      104.653887
            737        125.2159
            738      104.647493
            739      129.825729
            740      169.036243
            741      106.480768
            742      99.8310421
            743      65.6743707
            744      118.104082
            745      67.5118221
            746      113.751006
            747      83.9710724
            748      99.0952271
            749      120.909943
            750      156.229905
            751      157.457632
            752      140.733933
            753      108.031604
            754       189.40946
            755      145.420345
            756       71.752996
            757      173.602135
            758      80.8851062
            759      60.1095301
            760      130.047518
            761      153.202918
            762      92.5001495
            763      98.7331541
            764      86.5373381
            765      104.333887
            766      130.203568
            767      150.169419
            768      124.482103
            769      117.337575
            770     -7.27118719
            771      204.545258
            772      149.368229
            773      119.125949
            774      146.538429
            775       119.56324
            776      115.780101
            777      103.475811
            778      83.1196448
            779       117.09381
            780      72.9429183
            781      100.947805
            782       132.09692
            783      108.261107
            784      113.231326
            785      135.050401
            786      101.609092
            787      133.461788
            788      117.950993
            789      122.706322
            790      90.5510082
            791      112.472622
            792      80.6066629
            793      68.3060502
            794      115.136373
            795      106.954736
            796       149.48166
            797      127.439129
            798      142.759088
            799      152.743198
            800      79.5234418
            801      88.7933879
            802      97.7588449
            803      105.292331
            804      104.065752
            805      183.406098
            806      161.007186
            807      79.7273557
            808      125.858337
            809      99.9741952
            810      111.374786
            811      94.6974719
            812      131.811502
            813      80.2140973
            814      132.340743
            815      134.144172
            816      100.153477
            817      170.704721
            818      123.203555
            819      203.577436
            820      126.601847
            821      133.551179
            822      143.427353
            823      116.164232
            824      124.221917
            825      129.257073
            826      83.4661216
            827      135.557584
            828      160.212048
            829      92.9399271
            830      122.520409
            831       127.49081
            832      63.6461379
            833      80.2485279
            834      117.790638
            835      101.126221
            836        93.47026
            837      111.845352
            838      188.927544
            839      117.684843
            840      122.004472
            841      163.843916
            842      144.238092
            843      106.046616
            844      97.9749184
            845      120.496741
            846      141.521346
            847      132.745583
            848      101.227728
            849      161.739584
            850      95.4211562
            851      80.3483896
            852      109.612391
            853       138.87342
            854      148.563564
            855      143.652148
            856      149.527734
            857      127.891298
            858      126.579949
            859      170.876744
            860      117.147957
            861      109.873567
            862      145.848603
            863      160.956999
            864      93.4619406
            865      97.5449724
            866      96.0041366
            867      120.217014
            868      125.014569
            869      70.8150123
            870      117.906635
            871      109.334757
            872      88.4626572
            873       174.94469
            874      154.927472
            875      88.5631527
            876      110.902457
            877      104.480658
            878      99.6588374
            879      150.452158
            880      151.182354
            881      110.731142
            882      94.1647768
            883      108.889243
            884      150.645572
            885      123.839989
            886      93.8194421
            887      125.041025
            888      135.027458
            889      125.706777
            890      157.772446
            891      111.973985
            892      88.8751595
            893      124.116876
            894      81.1229019
            895      90.6434742
            896      111.264809
            897      188.161925
            898      146.401549
            899      96.1849409
            900      113.261434
            901      109.504171
            902      131.630364
            903      236.485714
            904        117.0325
            905      165.324326
            906      144.504732
            907      107.647258
            908      93.1484867
            909      125.657205
            910      133.830165
            911      94.7043162
            912      122.304984
            913      138.370557
            914      112.628941
            915      147.535616
            916       108.13661
            917      106.106573
            918      141.854814
            919      106.569807
            920      111.013626
            921      107.910743
            922      114.685598
            923      167.028662
            924      76.7903827
            925      97.2798488
            926      92.2516022
            927      124.442141
            928      124.486578
            929       106.10419
            930      94.4111141
            931      110.152378
            932      81.6045736
            933      136.246379
            934      168.776455
            935      229.148021
            936      116.345359
            937      105.457003
            938      93.1766045
            939      150.731809
            940       140.27776
            941      144.662811
            942       116.21885
            943      172.222267
            944        123.3557
            945      101.119977
            946      139.048458
            947      144.878435
            948      131.703543
            949      164.376388
            950      102.161703
            951      121.024096
            952      167.028028
            953      109.206733
            954      100.896824
            955      140.816679
            956      87.2767255
            957      144.018946
            958      123.245339
            959      152.521559
            960      192.699835
            961      148.158388
            962       116.77097
            963      79.8594619
            964       116.90479
            965      93.9321868
            966      136.490894
            967      180.078011
            968      133.174259
            969      164.999024
            970       164.90617
            971      94.6725577
            972        167.9295
            973      114.881877
            974       124.97526
            975      71.5791552
            976       118.26199
            977      106.143798
            978      93.6492394
            979      135.397008
            980      119.314806
            981      82.0605595
            982      114.861024
            983      59.7012483
            984      80.2664221
            985      143.364434
            986      103.788469
            987      113.969662
            988      116.341608
            989      204.099709
            990      138.418692
            991      156.096346
            992      139.148133
            993      95.1521099
            994      81.4078195
            995      185.670505
            996      128.982546
            997      145.865137
            998      135.708771
            999      44.6811177
