#          time          totpot
              0     -13446.9462
              2      -13309.588
              4     -13358.8225
              6     -13419.0783
              8     -13240.2153
             10     -13016.7322
             12     -13224.7823
             14     -13129.1582
             16     -13131.0671
             18     -13082.7171
             20     -12935.5723
             22     -13089.2858
             24     -12940.6257
             26     -12932.2539
             28     -13074.0355
             30     -13196.1266
             32     -13149.1214
             34     -13042.7887
             36     -13286.0257
             38     -12996.3825
             40     -12690.6195
             42     -13017.0358
             44     -12773.9756
             46     -12736.7117
             48     -12994.4113
             50     -13064.8612
             52     -12879.0047
             54     -12814.2147
             56     -12880.6966
             58     -12848.5656
             60     -13002.8743
             62     -12891.2415
             64     -12921.2192
             66     -12891.1677
             68      -12779.524
             70     -12684.8679
             72     -12790.1802
             74     -12804.1125
             76     -12704.1849
             78     -12952.6491
             80      -12924.388
             82     -12851.9899
             84     -12910.6376
             86     -12937.8873
             88     -12965.6166
             90     -13002.5479
             92     -13155.1209
             94     -13092.0298
             96     -12951.8127
             98     -12878.0241
            100     -13014.8326
            102     -12863.2718
            104     -13111.6177
            106     -12974.4506
            108     -13013.9477
            110     -13172.1454
            112     -13058.8964
            114     -12938.6095
            116     -13000.4568
            118      -13078.114
            120     -12745.1749
            122     -12519.9867
            124     -12871.5908
            126     -12954.3127
            128     -12841.0134
            130     -13084.3739
            132     -13102.6782
            134     -12996.8625
            136     -13111.6686
            138     -13095.3547
            140     -13022.0343
            142     -13290.9156
            144     -12961.4499
            146     -13315.6509
            148     -13095.3813
            150     -13268.2419
            152     -13119.9319
            154     -12884.7878
            156     -12852.4809
            158     -12783.9161
            160     -12670.1837
            162     -12826.5502
            164     -13074.1517
            166     -13042.0784
            168     -13193.7124
            170     -13167.8497
            172     -13610.4275
            174     -13052.0772
            176      -13163.928
            178     -12988.1674
            180     -13076.8904
            182     -13169.5176
            184     -12669.3293
            186     -12704.4389
            188     -13260.1855
            190     -13012.5104
            192      -12875.447
            194     -13095.6184
            196     -12837.3178
            198     -12807.5394
            200     -12826.7974
            202     -12772.5338
            204     -13045.9116
            206     -13048.3343
            208     -13010.0275
            210     -12899.5908
            212     -12857.4426
            214     -13049.3357
            216     -13006.5014
            218     -12918.3661
            220     -12884.4408
            222     -12874.0133
            224      -13079.162
            226     -12918.7003
            228     -13099.5572
            230     -12977.1156
            232     -12916.1495
            234     -13246.7049
            236     -13085.7901
            238     -12833.2799
            240     -13294.3637
            242     -13174.6712
            244     -13135.8606
            246     -12917.4185
            248     -13190.6652
            250      -13067.736
            252     -12750.3052
            254     -12804.1976
            256     -12869.1529
            258     -12903.2127
            260     -12864.6946
            262     -13134.7158
            264     -12825.8278
            266     -13089.5929
            268     -13109.7261
            270     -12818.0013
            272     -13251.5504
            274     -12971.7785
            276     -12858.6638
            278     -12684.6696
            280     -12966.2733
            282     -12673.6561
            284      -12839.204
            286     -13000.7405
            288     -12931.4165
            290     -12873.7665
            292     -12997.9698
            294     -12715.0632
            296     -12870.6922
            298     -13161.6207
            300     -12964.2874
            302     -12898.8795
            304     -12810.9655
            306     -12748.6954
            308     -12877.4668
            310     -12949.6201
            312     -12826.2689
            314     -12834.1003
            316     -13074.7986
            318     -13142.8457
            320     -12773.8262
            322      -13003.913
            324     -13101.2673
            326     -12972.1317
            328     -12834.8133
            330      -12994.601
            332     -13119.1182
            334     -12934.8982
            336     -13253.4804
            338     -12891.9862
            340     -12925.0762
            342     -12839.8198
            344     -12925.1093
            346     -12916.8448
            348     -13041.4176
            350     -13280.8947
            352     -13093.4383
            354     -13035.9851
            356     -12921.1488
            358     -13262.3904
            360     -12888.8348
            362     -12897.3711
            364     -12961.8989
            366     -12690.8554
            368     -12655.0653
            370     -12903.5094
            372     -13232.4988
            374     -12908.2209
            376     -12932.9561
            378     -12925.8836
            380      -13200.313
            382     -12972.6582
            384     -13166.2855
            386     -12884.4624
            388     -12967.8488
            390     -13064.6594
            392     -13114.4188
            394     -12956.4621
            396     -13093.1636
            398     -12859.4954
            400     -13146.4755
            402     -12838.8547
            404     -12886.2069
            406     -13019.9774
            408     -12710.6383
            410     -13085.4178
            412     -13385.8413
            414     -13104.7126
            416     -13390.3623
            418     -13247.5448
            420     -13148.3092
            422     -13226.0138
            424     -13070.8214
            426     -12953.9845
            428     -12976.6914
            430     -13220.2254
            432     -12886.8544
            434     -12718.5166
            436     -12713.8361
            438     -12772.1899
            440      -12643.983
            442     -13167.4759
            444     -13015.3409
            446     -12926.7652
            448     -13115.8798
            450     -12919.9312
            452     -12759.3778
            454     -12778.7529
            456     -13004.6998
            458     -13104.7712
            460     -12768.1616
            462     -12859.2669
            464      -13351.037
            466     -13245.6418
            468     -13322.0687
            470     -13005.8329
            472     -12728.5216
            474     -13047.6486
            476     -13011.5766
            478     -13330.0534
            480     -13220.6735
            482     -13053.5434
            484     -13165.8128
            486     -12590.8307
            488     -12815.2655
            490     -12807.8616
            492     -12668.1804
            494     -12798.3448
            496     -12873.5035
            498     -12711.9986
            500     -12704.9469
            502     -12823.3062
            504     -13035.5719
            506     -12857.2697
            508     -13086.9545
            510     -12949.7336
            512      -13111.225
            514     -13201.2395
            516     -12978.5319
            518     -12992.7546
            520     -12817.7733
            522     -12747.7356
            524      -12812.023
            526     -12733.0163
            528     -12966.4674
            530     -12862.7903
            532      -12653.076
            534     -12575.7734
            536     -12732.1385
            538     -12418.2314
            540     -12788.5622
            542     -12812.8524
            544     -12940.6681
            546     -12935.2447
            548     -12902.7622
            550     -12858.2611
            552     -12678.3895
            554     -12987.0486
            556     -12854.8987
            558      -12784.229
            560     -13106.6385
            562     -12809.5379
            564     -12966.4746
            566     -13089.5513
            568     -13080.0616
            570     -13008.3362
            572     -12904.8382
            574      -12765.477
            576     -12985.1508
            578     -12962.4026
            580     -13012.6303
            582     -12990.4889
            584     -12909.9199
            586       -12993.84
            588     -13153.4308
            590      -12744.809
            592     -12949.8519
            594     -12906.0727
            596     -13008.7293
            598     -13091.6447
            600     -13072.3899
            602     -12890.0161
            604     -12827.4165
            606     -12807.0433
            608     -12943.8498
            610     -12924.7562
            612     -12910.1248
            614     -12947.9277
            616     -12575.5079
            618     -12724.9246
            620     -12822.0073
            622     -12568.2292
            624     -12802.5683
            626     -12957.7463
            628     -12947.1842
            630      -12666.997
            632     -13025.6425
            634      -12923.931
            636     -12672.2965
            638     -13144.9996
            640     -12833.4707
            642      -13361.294
            644     -13335.9349
            646     -13017.9084
            648     -13170.2486
            650     -13094.8719
            652     -13003.5712
            654     -13290.8839
            656     -13220.3543
            658     -12896.4301
            660     -12961.4648
            662     -12962.3056
            664     -12937.2535
            666     -12954.8227
            668     -13059.7402
            670     -13131.3298
            672     -12953.3719
            674     -13076.4499
            676     -13191.8604
            678     -13072.5055
            680     -13249.9308
            682     -13100.3316
            684     -12997.9736
            686     -13178.6985
            688     -12763.5864
            690     -12760.7151
            692     -13103.8431
            694     -13362.9768
            696     -13231.3626
            698      -13392.778
            700     -13366.8018
            702     -13227.8421
            704     -13079.7725
            706     -13001.2056
            708     -12893.8476
            710     -13168.8869
            712     -13104.3856
            714     -13137.9603
            716     -13190.6905
            718     -13035.4125
            720     -13655.1243
            722     -13163.4364
            724     -12906.3399
            726     -13221.3431
            728     -13202.1846
            730      -12943.061
            732     -12815.7842
            734     -13049.0829
            736     -13255.9481
            738     -12755.6159
            740     -13062.3883
            742     -13081.7336
            744     -13141.5383
            746      -13025.359
            748     -12963.4879
            750     -12962.3163
            752     -13028.1259
            754      -12902.901
            756     -12855.5616
            758      -13198.707
            760     -13111.3732
            762      -13121.813
            764     -12881.9319
            766     -13177.7924
            768     -13279.6805
            770     -13318.0953
            772     -13209.5425
            774     -12857.0006
            776     -13184.2191
            778     -13121.0044
            780     -13022.1448
            782     -13100.0277
            784     -13175.0518
            786     -13274.9146
            788     -13181.9244
            790     -13141.3864
            792     -13146.0904
            794     -12940.9307
            796     -13201.1246
            798     -13134.2829
            800     -13168.3753
            802     -12844.2983
            804     -13010.3702
            806     -13159.5763
            808     -13072.6024
            810     -13012.4814
            812     -13048.4236
            814     -12907.3873
            816     -12674.1624
            818     -12832.9589
            820     -12878.3054
            822     -12983.5034
            824     -13007.1571
            826     -12774.4617
            828     -12889.8008
            830     -12756.8706
            832      -12723.909
            834     -12796.5564
            836     -12793.6349
            838     -12807.0595
            840     -12967.6174
            842     -12829.6954
            844     -12637.7843
            846     -13068.7652
            848     -13079.5302
            850     -12860.0125
            852      -12939.754
            854      -12962.072
            856     -13138.1893
            858     -13147.0673
            860     -13206.6928
            862     -13042.3851
            864     -12982.6456
            866     -13128.0058
            868      -13061.455
            870     -12993.4869
            872     -13213.6289
            874     -13436.8997
            876     -13049.8468
            878     -12985.3957
            880     -13211.2921
            882      -12903.398
            884     -13326.6962
            886     -13020.5997
            888     -13272.0793
            890     -13310.7387
            892     -12966.6909
            894     -13105.0934
            896     -13026.5894
            898     -13200.8356
            900      -12980.592
            902     -12778.4975
            904      -13310.913
            906     -13068.6639
            908     -13142.9805
            910     -13260.9988
            912     -13215.0256
            914     -13239.5007
            916     -13031.6109
            918     -13016.0943
            920     -13154.9446
            922     -12941.0145
            924     -12920.6365
            926      -13133.114
            928     -13014.1441
            930     -12936.1326
            932     -13070.8455
            934     -13167.8458
            936     -13278.7569
            938     -13132.1346
            940     -13335.3336
            942     -13109.1582
            944     -12973.8564
            946     -13130.0683
            948      -13087.874
            950     -13115.2039
            952     -13089.5722
            954     -13298.1317
            956     -13329.7942
            958     -13170.9886
            960     -13000.5222
            962     -13041.4695
            964     -13446.5199
            966      -13269.924
            968     -13224.1462
            970     -13192.6891
            972     -13221.3417
            974     -13202.1327
            976     -13276.6908
            978     -13448.5836
            980     -13300.6492
            982     -13204.4236
            984     -13249.7334
            986     -13312.0162
            988     -13247.4755
            990     -13462.3205
            992     -13457.4914
            994     -13499.7003
            996     -13422.2787
            998     -13114.0059
           1000     -13277.5684
           1002     -13357.2899
           1004      -13147.904
           1006     -13211.1028
           1008     -13157.0788
           1010     -13122.3898
           1012     -13161.7276
           1014     -12749.4571
           1016      -12923.455
           1018     -12750.4859
           1020     -12857.6088
           1022     -12791.4088
           1024     -12875.6436
           1026     -12688.1053
           1028     -12877.6633
           1030     -12877.9195
           1032     -12919.5501
           1034     -12969.0308
           1036     -12986.7643
           1038     -12895.6586
           1040     -12549.5145
           1042     -12883.1668
           1044     -12980.9618
           1046     -13133.5928
           1048     -12933.1591
           1050     -12963.1865
           1052     -12872.9418
           1054     -13171.4087
           1056     -12738.6018
           1058     -12820.0826
           1060     -12742.3951
           1062     -12702.6354
           1064     -12525.2849
           1066     -12687.5186
           1068     -12716.6856
           1070     -12916.3749
           1072     -12701.8637
           1074     -12761.1548
           1076     -12686.0111
           1078     -12724.0734
           1080     -12626.4882
           1082     -12838.8786
           1084     -13047.1043
           1086     -12782.3417
           1088     -12730.2944
           1090     -12634.6132
           1092     -12730.2713
           1094     -12832.0467
           1096     -12906.0662
           1098     -12894.4297
           1100     -12932.6405
           1102     -12760.2445
           1104     -12958.0242
           1106     -12905.8449
           1108     -13076.1071
           1110     -12888.6944
           1112     -12936.9138
           1114     -12771.7878
           1116     -12882.5613
           1118      -13094.262
           1120     -12801.0103
           1122     -12881.0726
           1124     -12886.8395
           1126     -12802.2387
           1128     -12685.6002
           1130     -12976.2505
           1132     -12925.4405
           1134     -12974.8971
           1136     -12820.7719
           1138       -12983.04
           1140     -12471.4774
           1142     -13075.4336
           1144     -13116.3392
           1146     -13006.6418
           1148     -12833.7781
           1150     -13182.9797
           1152     -13044.9508
           1154      -13031.896
           1156     -13074.5173
           1158     -13226.2339
           1160     -12998.0469
           1162     -13354.9471
           1164       -12872.78
           1166     -13109.7179
           1168     -12991.7691
           1170     -12900.6711
           1172      -12939.518
           1174     -12920.9341
           1176     -12703.6701
           1178     -12892.7583
           1180     -12933.2807
           1182     -12646.5005
           1184      -12657.286
           1186     -12934.6151
           1188      -12897.766
           1190     -12843.3439
           1192     -13098.0123
           1194     -13076.3637
           1196     -13166.8699
           1198     -13293.1138
           1200     -13331.0611
           1202     -13110.2887
           1204     -13306.2368
           1206     -13009.0967
           1208     -13042.1884
           1210     -12924.0997
           1212     -12946.3376
           1214     -12961.1187
           1216     -12762.1713
           1218     -13004.2586
           1220       -12691.39
           1222     -12997.4363
           1224     -13094.0086
           1226     -12967.6353
           1228     -13108.1091
           1230     -12983.9838
           1232     -13104.1845
           1234     -13080.0732
           1236     -12781.4014
           1238     -12602.8501
           1240     -12683.9142
           1242     -12774.4081
           1244      -12895.883
           1246     -13000.9488
           1248     -12685.2344
           1250     -12884.7903
           1252      -12736.742
           1254     -13013.3574
           1256     -13023.5253
           1258      -12925.779
           1260     -12779.4696
           1262     -12996.0103
           1264     -12742.3377
           1266     -12653.5224
           1268     -12712.5749
           1270     -12688.1011
           1272     -12713.5124
           1274     -12847.6388
           1276     -13116.3833
           1278     -13019.3682
           1280     -13005.8284
           1282      -12909.231
           1284     -12881.5001
           1286     -12715.1189
           1288     -12842.1199
           1290     -12711.0171
           1292     -13141.2013
           1294     -13046.4224
           1296     -12969.1962
           1298     -13096.9769
           1300     -13099.0862
           1302     -12723.9474
           1304     -12905.4047
           1306     -13131.6834
           1308     -13152.7681
           1310     -12987.5918
           1312     -12952.7898
           1314     -12722.0656
           1316     -13103.0687
           1318     -12848.5692
           1320     -12881.9749
           1322     -12766.4161
           1324      -12689.923
           1326      -13103.243
           1328     -12754.3197
           1330     -12715.4511
           1332     -12792.8736
           1334     -12933.7441
           1336     -12924.7825
           1338     -13146.8567
           1340     -12869.0787
           1342     -12874.3629
           1344     -12842.5613
           1346     -13084.3261
           1348     -12962.7667
           1350      -12921.557
           1352     -12891.2519
           1354     -12991.5597
           1356     -12932.7254
           1358     -13118.2525
           1360     -13217.1668
           1362     -12879.1535
           1364     -12737.6128
           1366     -12971.3326
           1368     -12915.3289
           1370     -12956.1294
           1372     -12696.3199
           1374     -12851.8671
           1376     -13129.5101
           1378     -12592.2595
           1380     -12665.4466
           1382     -12807.6887
           1384     -12894.9293
           1386     -12886.7851
           1388     -13075.6062
           1390     -13062.0835
           1392     -12867.4544
           1394     -12845.3644
           1396     -13181.3886
           1398     -12961.1692
           1400     -13019.7802
           1402     -12813.1133
           1404     -13210.6802
           1406     -12932.3345
           1408     -13065.9755
           1410     -12718.0143
           1412     -13069.5952
           1414     -13204.5101
           1416     -12983.0349
           1418     -13144.1409
           1420     -12920.6688
           1422      -12982.448
           1424     -13091.0751
           1426     -12915.8187
           1428     -13154.2009
           1430     -13133.5866
           1432     -12717.0501
           1434     -12812.8152
           1436     -12614.1136
           1438     -13184.8261
           1440     -12702.4351
           1442     -12685.0517
           1444     -12895.7797
           1446     -12680.8851
           1448     -12851.1211
           1450     -12552.9144
           1452     -12962.6219
           1454     -12899.1226
           1456     -12927.3491
           1458     -12771.6603
           1460     -12715.2582
           1462      -12721.849
           1464     -12683.4612
           1466     -13090.1985
           1468     -12836.0529
           1470     -12705.5292
           1472      -12898.982
           1474      -13222.169
           1476     -12926.8594
           1478     -13073.1146
           1480     -12840.3106
           1482     -12929.5026
           1484      -13242.096
           1486     -13221.4731
           1488     -13091.3434
           1490     -13092.4004
           1492      -12959.375
           1494     -13167.6781
           1496     -13075.8719
           1498     -13213.0942
           1500     -12993.4111
           1502     -13092.7832
           1504     -13139.6247
           1506     -13007.8768
           1508     -13269.8227
           1510     -13369.9231
           1512     -13025.3758
           1514      -13482.082
           1516     -13263.5138
           1518     -13079.4555
           1520     -12845.1457
           1522     -12713.3877
           1524      -12888.821
           1526     -12726.3607
           1528     -12680.8608
           1530     -13051.4936
           1532     -13164.5309
           1534     -12875.7582
           1536      -12856.152
           1538     -12898.0276
           1540     -12924.1508
           1542     -13053.5663
           1544     -12873.4321
           1546     -12786.6858
           1548     -13066.0882
           1550      -13052.588
           1552     -13069.7491
           1554     -13088.5688
           1556     -13145.3937
           1558     -13271.4337
           1560      -12954.245
           1562     -13132.1033
           1564     -13211.4089
           1566     -13290.0957
           1568     -13424.1612
           1570     -13255.7429
           1572     -13453.6164
           1574     -13412.9791
           1576     -13567.2689
           1578     -13304.4502
           1580     -13155.2807
           1582     -13196.7427
           1584     -13270.8522
           1586     -12878.4918
           1588     -13060.2568
           1590     -13184.2429
           1592     -13101.3786
           1594     -13105.5529
           1596     -13155.3466
           1598     -13158.8067
           1600      -13364.406
           1602      -13194.123
           1604     -13088.5683
           1606     -12898.6552
           1608     -13182.4655
           1610     -13008.4691
           1612     -12931.6139
           1614     -12951.1848
           1616     -12977.4782
           1618     -12978.9884
           1620     -13010.6501
           1622     -13007.9754
           1624     -12998.8626
           1626     -12761.9128
           1628     -12976.2189
           1630     -12674.8132
           1632     -12845.6374
           1634      -12772.945
           1636     -12875.9114
           1638     -12601.0387
           1640      -12836.199
           1642     -12939.9069
           1644     -13080.1293
           1646     -13182.9061
           1648     -13105.2225
           1650     -13329.0256
           1652     -12804.9797
           1654     -12824.8697
           1656     -13099.1153
           1658     -13219.3712
           1660     -12929.4098
           1662     -12929.8806
           1664     -13179.7659
           1666     -12977.5017
           1668     -12950.8082
           1670     -12992.4785
           1672     -13069.1097
           1674     -12947.9655
           1676     -13068.7525
           1678     -12998.8238
           1680     -13137.7956
           1682      -12945.088
           1684     -12777.1643
           1686     -12856.3706
           1688     -12964.3728
           1690     -12978.9616
           1692     -12988.3961
           1694     -12880.0283
           1696     -12953.2381
           1698     -12814.5871
           1700     -12776.7589
           1702     -13087.0981
           1704     -13176.3422
           1706     -13420.2487
           1708     -12803.2195
           1710     -13162.9787
           1712     -12939.9773
           1714     -12854.7292
           1716     -13007.8684
           1718     -12928.8996
           1720     -12994.8159
           1722     -13036.5801
           1724      -12856.654
           1726     -13120.9809
           1728     -13156.0983
           1730     -13054.8534
           1732     -12962.4254
           1734     -13088.4984
           1736     -13099.0481
           1738     -13232.1823
           1740     -13414.3984
           1742     -12959.9218
           1744     -13308.3482
           1746     -13015.3319
           1748     -12989.4766
           1750     -12910.8404
           1752     -12780.8917
           1754     -12909.4538
           1756     -12754.9667
           1758     -13007.5578
           1760       -12843.92
           1762     -12910.2564
           1764     -12888.6013
           1766     -12707.9058
           1768     -12756.8077
           1770     -12534.8118
           1772     -12605.0237
           1774      -12598.861
           1776     -12791.6473
           1778     -12757.8792
           1780     -12673.9376
           1782     -12851.2006
           1784     -12660.3123
           1786      -12985.714
           1788     -12955.9055
           1790      -12983.561
           1792     -13071.1424
           1794     -12780.3797
           1796     -12844.1083
           1798     -12799.1422
           1800     -13162.8995
           1802     -12993.7605
           1804     -12919.2211
           1806     -12930.1536
           1808     -13006.6084
           1810     -13075.6575
           1812     -12996.6976
           1814     -13088.5011
           1816     -13305.9898
           1818     -13007.5567
           1820     -12956.1501
           1822     -12811.8127
           1824     -12896.0609
           1826     -12967.9463
           1828     -12789.0414
           1830     -12513.0124
           1832     -12797.6014
           1834     -12826.1917
           1836     -12949.9269
           1838     -12754.0521
           1840     -12885.0289
           1842      -12466.508
           1844     -12888.4093
           1846     -12802.4588
           1848     -13228.3591
           1850     -13039.5122
           1852     -12992.7321
           1854     -12808.7118
           1856      -13180.283
           1858     -13073.0209
           1860     -12909.4824
           1862     -12835.0491
           1864     -13071.1231
           1866     -13032.0826
           1868     -13003.4702
           1870     -12861.5239
           1872     -13013.8071
           1874     -13209.4976
           1876     -12768.2611
           1878      -12899.484
           1880      -12726.913
           1882     -12881.7577
           1884     -12717.6931
           1886      -12947.096
           1888     -12471.0658
           1890     -12552.5441
           1892     -12789.1509
           1894     -12778.4821
           1896     -12926.0101
           1898     -12959.2247
           1900     -12898.2068
           1902     -12905.6566
           1904     -12663.9017
           1906     -12846.5515
           1908     -13049.4745
           1910     -12986.8292
           1912     -12993.5851
           1914       -12799.85
           1916     -12875.6444
           1918     -12842.1995
           1920     -13067.3978
           1922     -13113.2429
           1924     -12842.3007
           1926     -12846.2675
           1928     -12919.6895
           1930     -12981.2388
           1932     -13012.7516
           1934     -12925.6995
           1936     -13091.8479
           1938     -12772.4444
           1940     -12983.0946
           1942      -13219.539
           1944     -12986.9209
           1946     -13130.9914
           1948     -12930.8564
           1950      -13006.875
           1952     -12892.4006
           1954     -13124.4209
           1956     -13009.9339
           1958     -13021.4078
           1960     -12936.1752
           1962     -13029.9087
           1964     -12766.6647
           1966     -12817.5901
           1968     -13090.7429
           1970     -13007.0415
           1972     -13312.6035
           1974     -13269.8302
           1976     -13400.9574
           1978     -13398.7945
           1980     -13157.4245
           1982     -13212.1788
           1984      -13276.695
           1986     -13078.3629
           1988     -13130.9727
           1990     -13021.0731
           1992     -13411.1667
           1994     -13387.0052
           1996     -12992.6073
           1998     -13170.8542
           2000     -12969.7421
           2002     -12947.5333
           2004     -13003.1253
           2006      -12893.541
           2008     -13019.7629
           2010     -13243.7162
           2012     -13041.6365
           2014     -13106.2921
           2016      -13159.345
           2018     -12784.6859
           2020     -12994.8567
           2022     -13106.9745
           2024     -12752.0785
           2026     -13120.3018
           2028     -13034.6723
           2030     -12917.1269
           2032      -13084.326
           2034     -13188.0829
           2036     -13191.4757
           2038     -13054.8171
           2040       -13027.55
           2042     -12605.2655
           2044     -12917.3283
           2046     -12726.3096
           2048     -12664.3919
           2050      -12785.516
           2052      -12748.588
           2054      -12819.953
           2056     -12982.4135
           2058     -13040.1791
           2060      -12736.444
           2062     -12815.0425
           2064     -12973.7382
           2066      -12821.064
           2068      -12811.417
           2070     -13051.4612
           2072     -13049.1235
           2074     -13068.8433
           2076     -13020.1138
           2078     -13131.9027
           2080     -13115.0063
           2082     -13164.2077
           2084     -13131.0513
           2086     -13179.1741
           2088      -13266.017
           2090      -13174.381
           2092     -12996.0896
           2094     -13331.2051
           2096     -13156.8751
           2098     -12970.8457
           2100     -13045.0596
           2102      -12938.978
           2104     -12925.4825
           2106     -12840.4868
           2108     -13119.2053
           2110     -13075.7774
           2112     -13190.0968
           2114     -12892.1099
           2116     -12722.3094
           2118     -12598.8512
           2120     -12898.2726
           2122     -12864.8454
           2124     -12850.8151
           2126      -12880.834
           2128     -12596.7566
           2130     -13032.1934
           2132     -12949.2775
           2134     -12882.8376
           2136     -13057.2631
           2138     -13016.4731
           2140      -13180.905
           2142     -13249.2021
           2144     -12614.7128
           2146     -12900.3143
           2148     -12808.6846
           2150     -13086.9038
           2152     -13304.2966
           2154     -12683.6774
           2156     -13123.2861
           2158     -13154.8986
           2160     -13431.4246
           2162     -13241.8445
           2164     -12826.8467
           2166     -12970.9009
           2168     -12761.7401
           2170     -13057.1285
           2172     -13024.0291
           2174     -12995.1185
           2176     -12817.3618
           2178     -13221.0835
           2180     -13108.8055
           2182     -13187.0737
           2184     -13065.4766
           2186     -12901.1102
           2188     -12904.5016
           2190      -12775.481
           2192     -12958.4245
           2194     -12780.3399
           2196      -13004.676
           2198      -12720.164
           2200     -12819.9428
           2202     -13184.7423
           2204     -13029.5752
           2206     -12871.7705
           2208     -13339.1409
           2210     -12755.4554
           2212     -13007.1443
           2214     -13074.4598
           2216     -13012.5914
           2218     -12943.4668
           2220     -12725.3283
           2222     -13070.1787
           2224       -13071.28
           2226     -13030.3756
           2228       -12851.76
           2230     -13068.1279
           2232     -13033.4578
           2234     -13019.2613
           2236     -13188.9299
           2238     -13101.2299
           2240     -13121.7946
           2242     -12832.9691
           2244     -12693.9235
           2246     -12762.7156
           2248     -13022.3837
           2250     -12861.6708
           2252     -12969.1753
           2254     -13191.0663
           2256     -12905.5824
           2258     -13137.6364
           2260     -13272.9353
           2262     -13099.4527
           2264     -12874.7057
           2266      -13154.716
           2268     -13107.8246
           2270      -13112.466
           2272     -13055.6969
           2274     -13002.2115
           2276        -13173.2
           2278     -13088.0811
           2280     -13099.1069
           2282     -12920.4384
           2284     -13158.6385
           2286     -12885.3558
           2288      -13067.178
           2290     -12846.3177
           2292     -12830.9113
           2294     -12911.8732
           2296     -12703.9193
           2298      -12784.209
           2300     -12933.6161
           2302     -12766.2415
           2304     -12900.8678
           2306     -12916.1162
           2308     -12926.1885
           2310     -12957.1279
           2312     -12780.2177
           2314     -12922.2977
           2316     -13094.7796
           2318      -12938.877
           2320     -12748.4227
           2322     -12983.2154
           2324     -12904.3068
           2326     -13140.7712
           2328     -12978.4577
           2330     -12892.8118
           2332     -12936.1374
           2334     -13061.2843
           2336     -12956.3994
           2338     -13005.6522
           2340     -13068.3719
           2342     -12964.9435
           2344     -12826.2339
           2346      -12987.541
           2348     -12935.8319
           2350     -12973.0736
           2352      -13162.966
           2354     -12900.9477
           2356      -12994.273
           2358     -13162.8438
           2360     -13328.4816
           2362      -13159.305
           2364     -13145.2455
           2366       -12995.98
           2368      -13180.493
           2370     -12993.2604
           2372     -13057.3015
           2374     -13129.2763
           2376     -13173.8235
           2378     -13107.4278
           2380     -12921.4895
           2382     -12935.2334
           2384     -12970.2577
           2386     -13213.1669
           2388     -12812.4629
           2390     -12820.2614
           2392      -13059.549
           2394     -13039.4742
           2396     -12801.6955
           2398     -12966.3475
           2400     -12818.6622
           2402     -12571.2661
           2404     -12760.5973
           2406     -12893.5152
           2408     -12779.9791
           2410     -12973.2335
           2412     -13027.6634
           2414      -12984.407
           2416     -12994.4059
           2418     -12940.0011
           2420      -12850.734
           2422     -12940.1507
           2424     -12938.6042
           2426     -13206.3514
           2428     -12899.8169
           2430     -12825.9852
           2432     -12904.0169
           2434      -12886.528
           2436     -13009.6228
           2438     -12950.6212
           2440     -12829.0562
           2442     -12973.4939
           2444     -12905.3782
           2446     -12954.2545
           2448     -12732.2221
           2450     -13040.4519
           2452     -12922.5051
           2454     -12906.5842
           2456     -12989.6148
           2458     -12926.1321
           2460     -12968.3563
           2462     -12987.7352
           2464     -12761.4345
           2466     -12771.5158
           2468     -12960.5671
           2470      -12718.334
           2472     -13136.9247
           2474     -13056.2842
           2476      -13081.221
           2478     -12981.6204
           2480     -12807.9862
           2482      -12773.611
           2484     -13178.8086
           2486     -12934.3355
           2488     -12748.7848
           2490     -12629.9993
           2492     -12951.4317
           2494     -12771.8535
           2496     -12920.1382
           2498     -12786.5036
           2500     -13148.2252
           2502      -12989.332
           2504     -12861.9953
           2506     -13363.3125
           2508     -13230.7548
           2510     -12960.8391
           2512     -13128.8264
           2514     -12779.6877
           2516     -12666.7794
           2518     -12869.8316
           2520     -12872.7335
           2522     -13086.9713
           2524     -12964.5325
           2526      -12659.778
           2528     -13020.4269
           2530     -13108.2765
           2532     -13011.1156
           2534     -13116.1371
           2536     -12747.4311
           2538     -12891.1402
           2540     -13026.9143
           2542     -12800.7373
           2544     -12917.0824
           2546     -13017.3203
           2548     -12853.8432
           2550     -13005.0217
           2552     -13093.4677
           2554     -13016.4228
           2556      -12588.059
           2558     -12756.1943
           2560     -12849.0371
           2562     -12887.0202
           2564     -12692.3381
           2566     -12861.2621
           2568     -12970.9373
           2570     -12807.3914
           2572     -12812.1719
           2574     -12873.0587
           2576     -13014.1753
           2578     -13300.8115
           2580     -13063.5593
           2582     -13000.7616
           2584     -12913.7859
           2586      -13069.375
           2588     -12926.6956
           2590     -13126.4295
           2592     -12700.1088
           2594     -13037.2596
           2596      -13090.867
           2598     -12957.5468
           2600     -12863.7302
           2602     -12776.4277
           2604     -12804.1307
           2606     -12623.7634
           2608     -12800.1704
           2610     -13054.1693
           2612     -12771.2016
           2614     -12614.0953
           2616     -12951.5507
           2618     -12949.0982
           2620     -12953.9632
           2622      -13135.469
           2624     -13118.3134
           2626     -13053.7956
           2628     -13069.5456
           2630     -13286.7361
           2632     -12910.9362
           2634     -12995.8284
           2636      -12966.931
           2638     -13090.2241
           2640     -13212.2636
           2642     -13085.0548
           2644     -13020.5012
           2646     -12737.0931
           2648     -13135.2941
           2650     -13094.6484
           2652     -12944.3538
           2654     -13189.4311
           2656     -13131.5609
           2658     -13086.9415
           2660     -13204.3414
           2662     -13343.4872
           2664      -12787.465
           2666     -12803.2814
           2668     -12810.4237
           2670      -13186.063
           2672     -13234.1262
           2674     -13266.0215
           2676     -12954.7529
           2678     -13247.2983
           2680     -13116.1502
           2682     -13096.5091
           2684      -12865.585
           2686     -13145.7188
           2688     -12714.6934
           2690     -12868.9973
           2692     -12951.2741
           2694     -13161.7169
           2696     -13203.9647
           2698     -12892.5218
           2700     -12603.6886
           2702     -13321.7711
           2704     -13082.8739
           2706     -13311.4552
           2708     -12927.5589
           2710     -12815.2709
           2712     -12862.2122
           2714     -12719.4782
           2716     -12912.2422
           2718     -13191.6999
           2720     -13072.9655
           2722     -13095.5698
           2724     -13036.6715
           2726     -12806.3298
           2728     -13075.0259
           2730     -12875.4817
           2732     -12826.5067
           2734     -13237.6009
           2736     -12918.7188
           2738     -13096.4341
           2740     -13301.4355
           2742      -13133.608
           2744     -13004.0379
           2746     -13252.2415
           2748     -13240.1219
           2750     -13316.3597
           2752      -13178.204
           2754     -12946.7634
           2756     -13067.1739
           2758     -13314.8635
           2760     -13015.6424
           2762     -13398.8599
           2764     -13312.5422
           2766     -13351.6032
           2768      -13351.092
           2770     -13512.9648
           2772     -12968.8131
           2774     -12911.2693
           2776     -13194.8962
           2778     -13412.9242
           2780     -13098.8624
           2782     -13063.9661
           2784     -13151.3822
           2786     -13010.8272
           2788     -12830.0792
           2790      -12885.041
           2792     -13005.0205
           2794     -13256.8936
           2796     -12962.3909
           2798     -12991.8065
           2800     -12681.0962
           2802     -13054.1336
           2804     -13067.5392
           2806     -13085.1752
           2808     -13143.4602
           2810     -13090.8872
           2812     -13239.7805
           2814     -12865.5545
           2816     -13066.5782
           2818     -13127.5444
           2820     -12759.5477
           2822     -12944.6453
           2824      -13285.347
           2826     -13082.1111
           2828     -12879.7654
           2830     -13044.8232
           2832     -13046.7671
           2834     -13280.7014
           2836     -13010.5874
           2838     -13141.1927
           2840     -13059.3656
           2842     -12993.6024
           2844     -13268.6427
           2846     -13081.6347
           2848     -12942.5655
           2850     -12623.6528
           2852     -13115.0534
           2854      -12821.818
           2856     -13017.1299
           2858     -13310.6761
           2860     -12892.0441
           2862     -12621.2808
           2864     -13045.1544
           2866     -12923.9792
           2868     -12681.6906
           2870     -12552.5658
           2872     -13015.3417
           2874      -12855.729
           2876     -12854.4533
           2878     -12818.4264
           2880     -12931.4392
           2882     -13154.4976
           2884     -13080.1093
           2886     -12709.5071
           2888     -13288.3332
           2890     -13004.9498
           2892     -12925.7127
           2894     -12849.9717
           2896     -13079.0005
           2898     -13029.6233
           2900     -13001.1558
           2902     -12705.9622
           2904     -13347.3749
           2906     -12999.1931
           2908     -13084.3983
           2910      -13011.932
           2912     -12964.0801
           2914     -13036.7319
           2916     -12851.5436
           2918     -12607.8214
           2920     -12735.3418
           2922     -12937.0232
           2924     -12740.7724
           2926     -12855.1236
           2928     -12763.0937
           2930      -12796.225
           2932      -12959.014
           2934     -12960.7498
           2936     -12890.8662
           2938     -13057.1519
           2940     -12992.6752
           2942     -12998.3324
           2944     -13020.9889
           2946     -13139.1358
           2948     -13106.9628
           2950     -12947.2885
           2952     -12851.9045
           2954     -12871.5149
           2956     -13213.4813
           2958      -12951.749
           2960     -12889.1704
           2962     -12787.3289
           2964     -12768.0335
           2966     -13222.9594
           2968     -12899.2551
           2970     -12731.2186
           2972     -13080.8478
           2974      -13159.018
           2976     -13002.0017
           2978     -13015.9424
           2980     -13030.7256
           2982     -13164.4117
           2984     -13107.5469
           2986     -13089.3447
           2988     -12842.2801
           2990     -13102.0971
           2992     -13150.0492
           2994     -13174.9804
           2996     -13023.7806
           2998     -13199.6336
