# protein atoms considered 1:a 
# Analysed 20000 structures
#
#  res.      3-Helix      4-Helix      5-Helix         Turn     B-Strand     B-Bridge         Bend
#            #     %      #     %      #     %      #     %      #     %      #     %      #     %
      1      0   0.0      0   0.0      0   0.0      0   0.0      0   0.0      0   0.0      0   0.0
      2      0   0.0      0   0.0      0   0.0      0   0.0   5564  27.8      7   0.0      0   0.0
      3      0   0.0      0   0.0      0   0.0      0   0.0  11882  59.4   1357   6.8      0   0.0
      4      0   0.0      0   0.0      0   0.0      0   0.0  19931  99.7     64   0.3      0   0.0
      5      0   0.0      0   0.0      0   0.0      0   0.0  19996 100.0      4   0.0      0   0.0
      6      0   0.0      0   0.0      0   0.0      0   0.0  19974  99.9      5   0.0      0   0.0
      7      0   0.0      0   0.0      0   0.0      0   0.0  17245  86.2     33   0.2      0   0.0
      8      0   0.0      0   0.0      0   0.0      0   0.0   9738  48.7    241   1.2      0   0.0
      9      0   0.0      0   0.0      0   0.0      0   0.0   4583  22.9    985   4.9   8712  43.6
     10     78   0.4      0   0.0      0   0.0  11854  59.3      0   0.0      0   0.0   8068  40.3
     11     78   0.4      0   0.0      0   0.0  11859  59.3      0   0.0      0   0.0   8063  40.3
     12     77   0.4      0   0.0      0   0.0     22   0.1   4583  22.9    985   4.9    656   3.3
     13      0   0.0      0   0.0      0   0.0      0   0.0   8807  44.0     21   0.1      0   0.0
     14      0   0.0      0   0.0      0   0.0      0   0.0  13364  66.8     23   0.1     14   0.1
     15      0   0.0      0   0.0      0   0.0      0   0.0  19696  98.5      5   0.0      0   0.0
     16      0   0.0      0   0.0      0   0.0      0   0.0  19858  99.3      2   0.0      0   0.0
     17      0   0.0      0   0.0      0   0.0      0   0.0  17777  88.9     30   0.1      0   0.0
     18      0   0.0      0   0.0      0   0.0      0   0.0  11167  55.8      1   0.0      1   0.0
     19      0   0.0      0   0.0      0   0.0      0   0.0   5565  27.8      8   0.0   3142  15.7
     20      0   0.0      0   0.0      0   0.0      0   0.0      0   0.0   2075  10.4      0   0.0
     21      0   0.0      0   0.0      0   0.0      0   0.0      0   0.0      0   0.0   6517  32.6
     22      0   0.0      0   0.0      0   0.0      0   0.0      0   0.0      0   0.0   5265  26.3
     23      0   0.0  19781  98.9      0   0.0    193   1.0      0   0.0      0   0.0     26   0.1
     24      0   0.0  19807  99.0      0   0.0    193   1.0      0   0.0      0   0.0      0   0.0
     25      0   0.0  19997 100.0      0   0.0      3   0.0      0   0.0      0   0.0      0   0.0
     26      0   0.0  20000 100.0      0   0.0      0   0.0      0   0.0      0   0.0      0   0.0
     27      0   0.0  20000 100.0      0   0.0      0   0.0      0   0.0      0   0.0      0   0.0
     28      0   0.0  20000 100.0      0   0.0      0   0.0      0   0.0      0   0.0      0   0.0
     29      0   0.0  20000 100.0      0   0.0      0   0.0      0   0.0      0   0.0      0   0.0
     30      0   0.0  20000 100.0      0   0.0      0   0.0      0   0.0      0   0.0      0   0.0
     31      0   0.0  20000 100.0      0   0.0      0   0.0      0   0.0      0   0.0      0   0.0
     32      0   0.0  20000 100.0      0   0.0      0   0.0      0   0.0      0   0.0      0   0.0
     33      0   0.0  20000 100.0      0   0.0      0   0.0      0   0.0      0   0.0      0   0.0
     34      0   0.0  19998 100.0      0   0.0      2   0.0      0   0.0      0   0.0      0   0.0
     35     15   0.1  19964  99.8      0   0.0     21   0.1      0   0.0      0   0.0      0   0.0
     36     70   0.3  19480  97.4      0   0.0    428   2.1      0   0.0      0   0.0     22   0.1
     37    138   0.7   7653  38.3      0   0.0  10986  54.9      0   0.0      0   0.0   1222   6.1
     38      0   0.0      0   0.0      2   0.0  13362  66.8      0   0.0      0   0.0   5847  29.2
     39      0   0.0      0   0.0      0   0.0      0   0.0      0   0.0      0   0.0     77   0.4
     40      0   0.0      0   0.0      0   0.0      0   0.0      0   0.0      0   0.0      0   0.0
     41      0   0.0      0   0.0      0   0.0      0   0.0      0   0.0      0   0.0   1499   7.5
     42      0   0.0      0   0.0      0   0.0      0   0.0  16353  81.8   3162  15.8     19   0.1
     43      0   0.0      0   0.0      0   0.0      0   0.0  16466  82.3      0   0.0      0   0.0
     44      0   0.0      0   0.0      0   0.0      0   0.0  16534  82.7      0   0.0      0   0.0
     45      0   0.0      0   0.0      0   0.0      0   0.0  19557  97.8     25   0.1      0   0.0
     46      0   0.0      0   0.0      0   0.0      0   0.0  19370  96.8    368   1.8      0   0.0
     47    474   2.4      0   0.0      0   0.0  19325  96.6      0   0.0      0   0.0    160   0.8
     48    474   2.4      0   0.0      0   0.0  19506  97.5      0   0.0      0   0.0     20   0.1
     49    474   2.4      0   0.0      0   0.0  19506  97.5      0   0.0      0   0.0     20   0.1
     50      0   0.0      0   0.0      0   0.0  19767  98.8      0   0.0      0   0.0      1   0.0
     51      0   0.0      0   0.0      0   0.0      0   0.0  19603  98.0    396   2.0      0   0.0
     52      0   0.0      0   0.0      0   0.0      0   0.0  19966  99.8     27   0.1      0   0.0
     53      0   0.0      0   0.0      0   0.0      0   0.0  18958  94.8      0   0.0      0   0.0
     54      0   0.0      0   0.0      0   0.0      0   0.0  18463  92.3     10   0.1      0   0.0
     55      0   0.0      0   0.0      0   0.0      0   0.0  16377  81.9   3230  16.1      0   0.0
     56      0   0.0      0   0.0      0   0.0      0   0.0      0   0.0      0   0.0      0   0.0
#
#            3-Helix      4-Helix      5-Helix         Turn     B-Strand     B-Bridge         Bend
# protein        0.2         25.6          0.0         11.3         34.9          1.2          4.4       
