1 0.12132411
2 0.09834812
3 0.07036690
4 0.07028242
5 0.06959146
6 0.06206395
7 0.07301822
8 0.07568270
9 0.05523569
10 0.05112610
11 0.05931874
12 0.05133551
13 0.04435815
14 0.06078470
15 0.06001752
16 0.05361533
17 0.06548156
18 0.05744980
19 0.05225043
20 0.06242984
21 0.06039918
22 0.06081503
23 0.07568698
24 0.07160392
25 0.07033763
26 0.08160953
27 0.07517944
28 0.06759181
29 0.07626707
30 0.07431288
31 0.06256155
32 0.06886008
33 0.06446987
34 0.07446396
35 0.08935548
36 0.09376747
37 0.09119596
38 0.11519748
39 0.11126208
40 0.10502915
41 0.12495055
42 0.11604581
43 0.09586072
44 0.11113051
45 0.10375852
46 0.12114268
47 0.15448123
48 0.22123742
