1 0.55102952
2 0.44159503
3 0.33875813
4 0.27108380
5 0.23074203
6 0.15360140
7 0.09975353
8 0.14655453
9 0.14083476
10 0.17963544
11 0.20567338
12 0.19938842
13 0.21487159
14 0.22992332
15 0.18916333
16 0.16042395
17 0.13946860
18 0.09295027
19 0.08119917
20 0.09142037
21 0.10335807
22 0.13392477
23 0.16534420
24 0.14276817
25 0.13604534
26 0.14236084
27 0.10229123
28 0.07386126
29 0.08022124
30 0.07280468
31 0.07981511
32 0.11761222
33 0.10943690
34 0.10643164
35 0.12665109
36 0.10411012
37 0.09071783
38 0.11597701
39 0.11276619
40 0.10708602
41 0.14330130
42 0.14249873
43 0.12864009
44 0.14730743
45 0.13098403
46 0.15642977
47 0.20555288
48 0.28008864
