1 0.27476738
2 0.22552152
3 0.20789188
4 0.17647123
5 0.13134263
6 0.15823740
7 0.15676710
8 0.15424992
9 0.13382414
10 0.12611891
11 0.14020692
12 0.12497459
13 0.10357531
14 0.11693997
15 0.10620575
16 0.08450380
17 0.08860667
18 0.07800375
19 0.07799969
20 0.08734664
21 0.09228162
22 0.10268927
23 0.12299557
24 0.11599201
25 0.10968788
26 0.11595445
27 0.10004842
28 0.08305242
29 0.08323627
30 0.08160308
31 0.07657993
32 0.08559172
33 0.07862632
34 0.08234745
35 0.09576068
36 0.09402403
37 0.08524923
38 0.10730752
39 0.10796267
40 0.10107709
41 0.12237914
42 0.11172227
43 0.09162954
44 0.10539087
45 0.11490675
46 0.14557320
47 0.19400806
48 0.27733222
